13
14
9
13
10
11
16
11
13
16
10
7
17
13
8
5
9
9
13
10
7
13
3
3
2
3
12
10
3
15
8
19
30
23
17
32
28
20
20
37
24
21
15
16
32
12
16
19
37
19
24
16
22
24
8
18
20
13
21
14
11
18
21
16
13
7
13
10
13
17
13
14
17
15
9
11
12
22
8
14
19
6
17
12
13
9
23
9
15
9
7
10
10
6
10
20
14
4
7
17
8
15
7
13
10
19
16
22
22
13
16
12
6
10
10
7
17
8
11
6
16
10
8
11
14
21
4
9
14
14
7
4
4
9
10
8
14
9
11
5
11
3
4
11
8
5
11
6
4
3
13
7
7
12
5
13
9
9
7
5
4
5
19
10
6
7
20
9
18
6
8
10
4
14
12
8
5
8
4
5
19
10
9
6
4
2
14
9
4
6
9
7
5
6
5
3
3
6
7
9
14
2
3
4
4
1
10
5
9
6
6
6
4
5
4
4
3
1
6
1
11
1
10
4
3
5
3
9
8
8
5
7
3
5
4
9
3
4
2
4
15
8
4
6
7
11
5
6
9
6
8
4
4
9
8
13
5
5
5
9
9
6
17
10
4
7
7
3
9
12
11
8
7
9
11
10
8
4
12
11
9
12
13
7
6
2
9
11
6
7
8
12
9
4
6
23
13
9
8
13
6
9
5
8
4
7
9
12
9
10
8
15
9
15
6
15
13
7
15
4
7
10
7
5
16
7
5
13
6
1
17
12
6
6
4
6
3
7
5
11
2
5
5
8
7
9
1
8
3
4
2
5
6
3
3
7
10
11
14
10
13
9
9
13
2
11
17
7
6
21
10
9
11
5
12
18
11
4
9
6
13
9
6
19
9
9
15
6
11
15
12
6
8
3
12
11
23
15
4
5
4
13
7
7
8
11
12
6
21
8
7
8
10
17
11
11
14
8
5
11
11
19
14
9
8
10
13
7
0
5
8
11
10
8
5
5
16
13
4
13
14
9
12
7
1
9
20
10
9
4
10
6
13
6
7
20
18
29
9
3
