5
7
6
4
7
4
7
8
6
10
5
8
5
4
12
9
1
4
7
8
4
6
13
6
5
8
9
6
7
13
13
13
10
14
20
10
14
20
10
3
17
12
11
12
11
14
11
4
7
8
7
3
10
6
7
3
6
8
10
8
2
3
4
9
3
4
5
4
11
8
7
4
4
7
8
3
8
4
10
10
11
11
13
9
8
15
10
13
7
12
10
11
13
9
14
9
9
5
7
12
8
3
13
4
6
12
10
9
7
4
6
4
6
6
5
5
11
6
6
5
11
11
10
6
7
11
3
9
8
12
15
17
12
14
10
13
9
11
12
4
20
17
13
9
7
19
12
16
15
7
5
11
16
7
11
9
2
7
13
11
5
10
6
13
10
7
10
10
8
4
6
8
11
8
4
18
3
11
11
11
9
15
14
11
11
13
10
19
15
20
12
16
12
17
10
15
15
12
20
17
15
10
8
9
10
22
11
21
5
9
10
12
7
10
17
5
11
4
18
10
9
7
13
3
6
22
11
13
8
10
8
14
12
14
11
14
11
15
9
11
10
13
23
20
21
24
20
10
11
23
16
11
18
8
15
11
13
11
6
6
3
7
9
6
7
2
11
7
13
10
8
11
7
6
6
7
7
8
0
10
5
8
15
12
21
18
23
15
25
22
23
16
16
12
20
17
13
20
19
19
16
4
19
10
11
12
7
15
5
7
10
12
6
5
11
7
10
10
7
5
9
5
5
8
10
7
9
10
7
10
10
11
12
12
11
8
13
18
26
20
19
24
10
12
21
12
15
15
10
14
12
20
15
17
10
12
10
13
17
12
15
9
14
14
6
