6.719900000e+004
6.844900000e+004
7.196400000e+004
5.839200000e+004
7.544600000e+004
6.984100000e+004
7.018200000e+004
5.464000000e+004
6.307600000e+004
7.304200000e+004
7.131700000e+004
5.559400000e+004
6.287400000e+004
6.702800000e+004
6.250500000e+004
5.689700000e+004
6.086100000e+004
5.731600000e+004
6.188000000e+004
4.199900000e+004
5.750800000e+004
6.899400000e+004
5.846900000e+004
5.061000000e+004
5.312700000e+004
5.695700000e+004
5.907100000e+004
5.169400000e+004
5.548200000e+004
5.636500000e+004
6.021700000e+004
4.171000000e+004
5.475600000e+004
6.138200000e+004
5.987100000e+004
5.146100000e+004
4.676700000e+004
5.507600000e+004
6.069200000e+004
5.074900000e+004
5.773900000e+004
5.433300000e+004
5.907100000e+004
4.083500000e+004
5.298600000e+004
5.393900000e+004
5.680900000e+004
5.123700000e+004
4.888500000e+004
5.187100000e+004
5.743800000e+004
4.901600000e+004
5.590900000e+004
5.292700000e+004
5.233700000e+004
3.953700000e+004
5.125800000e+004
5.376500000e+004
5.313700000e+004
4.726200000e+004
4.829300000e+004
5.208700000e+004
5.070900000e+004
4.186300000e+004
4.961400000e+004
4.661300000e+004
4.988700000e+004
3.891000000e+004
4.357100000e+004
5.314500000e+004
5.059100000e+004
4.078800000e+004
4.932000000e+004
4.874600000e+004
4.835200000e+004
4.428700000e+004
5.027500000e+004
4.346100000e+004
5.232400000e+004
3.780900000e+004
4.516400000e+004
5.946800000e+004
4.985600000e+004
4.382800000e+004
4.613100000e+004
4.730100000e+004
4.421500000e+004
5.101700000e+004
4.965100000e+004
5.180600000e+004
5.773100000e+004
3.757000000e+004
4.939800000e+004
6.143400000e+004
5.404900000e+004
4.750200000e+004
4.635600000e+004
5.398900000e+004
5.691300000e+004
5.230200000e+004
5.546100000e+004
5.864600000e+004
6.575900000e+004
4.435500000e+004
5.732400000e+004
6.235800000e+004
6.253900000e+004
5.400000000e+004
5.681200000e+004
8.097100000e+004
8.990400000e+004
8.388100000e+004
9.007300000e+004
9.283300000e+004
8.349600000e+004
7.354800000e+004
8.672600000e+004
9.505300000e+004
8.329500000e+004
8.276800000e+004
8.870800000e+004
9.085200000e+004
9.305900000e+004
9.798000000e+004
1.009530000e+005
1.036040000e+005
9.567400000e+004
8.322000000e+004
8.624000000e+004
1.032010000e+005
1.032980000e+005
8.901900000e+004
9.703900000e+004
1.021280000e+005
1.088520000e+005
9.519900000e+004
1.058580000e+005
1.088740000e+005
1.065480000e+005
8.575100000e+004
9.097500000e+004
1.066040000e+005
1.044490000e+005
8.718200000e+004
9.262400000e+004
9.622400000e+004
9.296400000e+004
9.996600000e+004
1.051260000e+005
1.029830000e+005
1.080560000e+005
8.183700000e+004
8.950600000e+004
1.113110000e+005
1.031300000e+005
8.578800000e+004
8.776600000e+004
9.457100000e+004
1.038260000e+005
9.368300000e+004
9.455300000e+004
1.019320000e+005
1.033730000e+005
7.466300000e+004
8.734500000e+004
9.561100000e+004
9.437100000e+004
8.435000000e+004
7.343400000e+004
8.257300000e+004
8.583600000e+004
7.991700000e+004
8.617500000e+004
8.794500000e+004
9.072900000e+004
6.566900000e+004
7.531300000e+004
8.245000000e+004
8.342100000e+004
7.412100000e+004
6.961700000e+004
7.792000000e+004
8.727700000e+004
7.890700000e+004
8.516800000e+004
8.901400000e+004
8.722200000e+004
6.908100000e+004
8.096900000e+004
8.782000000e+004
9.367200000e+004
8.313600000e+004
7.970300000e+004
8.901500000e+004
1.010660000e+005
8.568800000e+004
9.520200000e+004
1.041010000e+005
9.727900000e+004
8.104400000e+004
8.630400000e+004
9.535800000e+004
1.027780000e+005
8.373200000e+004
8.908900000e+004
9.845500000e+004
1.004550000e+005
9.411300000e+004
9.976900000e+004
1.023940000e+005
1.063740000e+005
8.632900000e+004
9.004500000e+004
1.091410000e+005
1.038230000e+005
9.251000000e+004
9.038700000e+004
1.006420000e+005
9.785400000e+004
1.082690000e+005
1.060810000e+005
1.152710000e+005
1.149390000e+005
9.025100000e+004
1.000320000e+005
1.247170000e+005
1.207230000e+005
1.076690000e+005
9.605200000e+004
1.072060000e+005
1.188030000e+005
1.144270000e+005
1.150110000e+005
1.254640000e+005
1.400560000e+005
1.065460000e+005
1.178540000e+005
1.332480000e+005
1.357120000e+005
1.223490000e+005
