198801 47.518 44.403 73.810 58.408 51.075 119.770 87.484 
198802 59.148 51.236 79.649 57.691 54.033 127.987 89.165 
198803 54.052 50.459 81.884 56.833 51.853 133.146 95.056 
198804 59.944 50.046 80.016 58.780 53.008 139.097 94.944 
198805 65.698 51.417 73.434 58.200 52.977 139.009 98.765 
198806 70.083 54.129 80.337 60.587 55.861 140.797 104.414 
198807 70.211 56.085 84.280 60.457 55.522 141.518 102.758 
198808 68.652 55.356 82.223 57.195 52.990 138.751 99.211 
198809 75.323 59.454 87.454 59.573 55.104 140.709 98.691 
198810 79.536 61.737 92.470 60.417 56.042 141.878 101.379 
198811 78.726 60.560 91.601 58.461 55.152 149.972 98.796 
198812 83.710 63.022 93.310 58.483 56.562 152.913 96.291 
198901 87.937 62.303 94.835 66.921 61.093 160.124 99.333 
198902 83.661 61.161 91.375 65.310 58.904 167.057 94.547 
198903 87.258 62.775 96.253 67.678 59.823 177.224 99.211 
198904 89.342 65.064 96.994 69.080 63.088 174.574 104.284 
198905 91.841 66.791 96.848 68.963 64.688 173.740 109.898 
198906 91.859 69.944 102.759 70.157 63.643 167.057 108.617 
198907 96.448 73.762 107.674 74.918 69.396 177.224 106.681 
198908 99.725 75.835 116.272 77.883 71.395 174.574 112.351 
198909 101.335 74.721 111.973 74.997 70.235 180.687 114.133 
198910 96.731 69.898 101.261 69.883 68.990 180.243 108.049 
198911 100.501 74.866 105.207 74.260 70.586 188.961 106.603 
198912 106.384 84.972 108.772 79.018 71.810 197.312 104.070 
199001 100.100 86.511 108.032 76.233 67.567 188.557 98.358 
199002 98.335 85.900 103.752 73.562 68.526 175.389 95.838 
199003 104.827 93.429 108.206 73.317 70.610 152.007 89.137 
199004 108.796 86.058 109.116 68.604 69.296 150.002 95.516 
199005 112.042 87.556 118.153 76.487 75.031 167.981 99.947 
199006 108.189 89.222 119.266 77.449 75.135 161.944 103.789 
199007 104.496 91.083 115.663 75.871 75.775 157.358 103.218 
199008 89.855 77.338 99.190 70.541 68.189 131.716 90.428 
199009 79.307 63.355 88.223 64.912 63.967 106.391 73.463 
199010 87.484 68.050 88.693 66.872 63.702 127.740 81.446 
199011 85.333 68.402 79.612 70.104 66.762 113.850 80.270 
199012 80.698 66.361 81.736 69.912 68.692 120.918 78.333 
199101 84.033 67.398 78.511 70.786 71.372 118.101 81.116 
199102 93.556 73.189 90.589 77.655 75.174 133.901 92.677 
199103 96.564 72.273 91.957 80.121 76.001 133.306 99.751 
199104 94.587 76.212 91.109 81.089 75.323 132.390 96.751 
199105 98.978 80.879 96.457 81.523 78.965 130.759 99.726 
199106 92.909 76.990 92.755 78.761 75.815 118.091 96.421 
199107 93.287 76.996 90.725 84.436 78.895 122.298 94.509 
199108 99.110 73.588 87.886 86.292 79.384 113.248 95.849 
199109 99.978 76.271 85.294 85.509 78.685 121.261 96.281 
199110 98.707 75.086 81.590 83.692 80.050 127.883 92.551 
199111 92.488 74.351 82.041 78.937 75.500 115.030 86.463 
199112 93.868 74.892 80.347 81.314 82.651 116.533 86.400 
199201 99.694 80.090 85.660 83.862 84.074 111.662 89.484 
199202 105.443 82.825 84.815 83.565 85.229 108.192 93.512 
199203 103.266 81.531 79.505 79.586 84.389 98.088 89.639 
199204 107.982 82.299 79.560 86.566 87.614 88.175 87.274 
199205 108.096 85.582 78.576 88.311 88.599 93.027 91.600 
199206 101.044 83.181 71.861 82.231 86.555 80.879 83.618 
199207 93.284 76.669 63.563 78.265 88.518 80.669 75.902 
199208 89.574 73.149 60.916 75.427 84.960 91.574 71.919 
199209 92.330 69.595 57.538 83.268 85.333 88.217 67.702 
199210 92.632 70.827 69.467 86.703 84.149 85.014 69.639 
199211 94.172 73.296 69.358 90.633 86.207 89.660 75.039 
199212 98.766 73.329 70.622 92.841 86.101 85.813 75.175 
199301 94.216 74.601 77.043 91.559 86.334 86.314 80.684 
199302 105.460 79.941 81.204 93.542 87.919 85.957 81.716 
199303 107.995 79.934 75.160 93.891 89.596 94.263 84.663 
199304 103.085 77.228 83.275 91.751 89.399 106.065 85.744 
199305 100.409 77.449 85.356 92.652 92.004 104.205 90.242 
199306 104.831 80.571 84.834 94.586 91.708 99.326 91.172 
199307 110.892 85.583 89.150 95.450 92.318 103.332 94.723 
199308 117.836 92.306 99.975 101.109 95.233 106.610 106.358 
199309 112.421 90.921 94.309 99.070 92.726 101.940 100.796 
199310 115.999 98.196 92.312 103.425 95.999 99.899 108.140 
199311 112.179 97.664 86.797 103.291 96.086 83.185 102.786 
199312 120.586 107.579 98.017 111.494 97.916 88.309 113.253 
199401 124.102 103.344 104.764 113.888 103.765 102.566 125.723 
199402 118.982 99.268 104.146 108.549 99.948 101.390 119.109 
199403 110.683 101.239 114.397 100.665 94.835 96.897 112.098 
199404 115.149 106.596 126.498 101.934 96.027 99.225 114.112 
199405 107.916 100.982 115.714 96.885 98.027 106.341 114.737 
199406 100.585 96.124 109.112 95.212 94.548 104.669 105.312 
199407 110.313 101.881 112.304 100.541 98.187 103.683 110.070 
199408 109.999 105.024 109.261 106.044 102.071 104.591 109.481 
199409 99.907 95.479 107.559 98.705 100.240 99.193 104.372 
199410 101.313 98.321 100.543 101.024 101.933 101.352 103.965 
199411 105.047 97.212 99.006 100.502 97.528 96.718 105.811 
199412 100.008 99.980 100.076 99.984 100.011 100.001 100.004 
199501 95.582 95.931 104.521 97.573 100.257 94.559 98.754 
199502 94.463 99.771 99.114 98.151 104.618 86.465 97.853 
199503 98.856 91.248 94.853 102.345 108.443 81.833 94.333 
199504 101.991 95.678 101.429 104.915 112.709 85.214 99.663 
199505 103.559 99.296 100.448 108.265 116.462 78.268 103.453 
199506 98.821 98.905 96.407 108.108 118.834 73.606 103.053 
199507 102.075 105.303 100.394 112.958 122.808 84.559 107.793 
199508 100.127 106.232 100.585 113.431 120.255 91.858 109.042 
199509 95.074 103.799 97.688 114.423 124.911 90.823 107.312 
199510 96.439 102.891 91.979 115.104 124.034 89.513 103.933 
199511 97.197 106.447 87.464 119.514 132.355 95.038 109.404 
199512 99.520 106.971 93.291 120.329 133.467 100.736 112.305 
199601 107.444 117.235 98.092 122.613 140.722 105.525 115.909 
199602 105.836 117.397 96.014 121.579 143.078 102.040 121.246 
199603 108.707 117.981 91.919 120.669 145.726 108.537 119.874 
199604 114.130 118.901 104.074 124.524 145.368 111.754 125.758 
199605 112.178 120.683 105.790 122.237 147.188 111.323 126.568 
199606 112.903 121.566 104.087 121.037 147.486 114.236 130.972 
199607 106.108 117.387 94.897 120.783 144.207 104.917 123.018 
199608 104.764 120.732 94.771 126.145 146.484 102.251 124.200 
199609 113.387 125.859 100.600 128.953 153.421 109.296 129.218 
199610 113.796 126.210 95.546 129.781 157.261 103.772 131.835 
199611 123.108 135.051 104.044 132.355 170.102 106.578 141.818 
199612 123.112 137.100 105.443 134.328 168.186 98.166 156.060 
199701 133.788 145.453 121.729 139.459 177.702 92.937 163.365 
199702 138.626 154.663 117.335 140.519 179.388 94.088 163.221 
199703 141.238 155.741 117.218 140.669 171.713 91.281 165.986 
199704 140.322 165.690 121.459 144.684 182.809 97.100 180.123 
199705 137.371 169.090 119.875 150.727 191.211 101.753 192.095 
199706 151.954 178.780 132.133 150.183 200.125 104.472 210.744 
199707 163.512 209.090 146.866 160.062 214.466 103.085 210.070 
199708 147.288 186.037 138.797 157.127 198.811 92.427 201.691 
199709 159.929 197.195 157.508 171.044 207.232 90.695 222.821 
199710 145.630 178.152 146.922 157.935 194.107 83.450 196.821 
199711 152.004 188.518 151.875 157.593 204.046 84.350 212.333 
199712 159.432 200.489 166.642 167.498 206.266 77.365 221.947 
199801 168.641 210.846 186.965 178.033 206.221 84.310 244.098 
199802 181.920 222.775 197.497 188.105 222.893 85.340 271.842 
199803 206.051 241.920 243.222 193.483 229.520 83.796 311.814 
199804 206.322 248.753 224.541 193.356 236.395 79.305 305.642 
199805 214.841 263.739 239.937 191.477 232.132 79.454 307.109 
199806 223.469 277.258 225.778 190.232 233.490 80.263 309.972 
199807 222.079 278.177 244.464 190.378 231.698 83.045 320.691 
199808 194.144 228.347 211.470 171.213 196.637 71.530 258.614 
199809 170.013 210.295 187.614 165.179 204.555 67.973 241.302 
199810 187.290 222.638 197.316 177.378 224.103 68.775 270.754 
199811 204.326 238.545 227.340 187.342 237.782 75.464 296.477 
199812 209.604 237.616 235.283 191.866 239.474 70.183 304.491 
199901 226.039 245.861 235.484 192.303 244.101 73.514 306.642 
199902 217.594 233.119 237.891 201.406 242.738 72.847 312.425 
199903 224.872 233.251 249.028 205.326 255.247 82.784 304.116 
199904 234.203 255.962 249.897 213.705 281.404 84.680 311.319 
199905 231.329 240.618 240.995 203.072 275.424 81.690 313.186 
199906 241.181 255.269 241.403 206.083 285.749 88.880 317.344 
199907 232.964 242.139 225.139 203.258 277.911 90.564 295.874 
199908 243.978 250.155 234.122 203.770 282.454 88.407 308.937 
199909 244.095 244.415 234.799 196.667 269.611 89.264 300.821 
199910 259.895 262.240 230.242 204.035 279.859 90.970 305.358 
199911 283.978 279.831 245.288 215.173 283.719 94.094 336.018 
199912 316.763 330.239 287.456 226.034 299.873 96.001 353.884 
200001 300.894 324.423 281.334 204.452 285.356 99.071 341.986 
200002 329.131 362.817 336.149 203.280 264.171 101.199 394.298 
200003 334.187 360.673 313.794 213.314 284.870 103.115 380.347 
200004 341.293 351.907 308.087 206.374 279.966 91.131 367.354 
200005 341.641 337.431 312.144 207.415 274.448 82.809 345.126 
200006 342.719 327.395 314.052 205.894 272.506 88.278 341.775 
200007 347.820 341.261 313.557 207.608 274.439 79.742 342.793 
200008 352.229 342.499 325.736 217.637 292.517 85.490 355.716 
200009 333.154 322.645 312.187 205.290 277.802 79.842 357.505 
200010 340.120 335.901 324.014 209.993 286.154 73.719 341.337 
200011 315.156 302.436 321.514 200.333 271.635 74.271 311.263 
200012 315.068 305.345 303.220 202.952 281.347 69.897 309.021 
 
