   2.2324569e-02
  -7.3253192e-03
  -1.2599757e-02
  -5.2701191e-03
   7.4472641e-05
  -5.1254692e-03
   4.7520071e-04
   3.0889065e-03
   8.8513896e-03
   4.0099879e-03
  -5.6858822e-03
  -1.4071051e-04
   4.2127264e-03
   2.0886870e-03
   7.4643628e-03
   8.1783468e-04
  -4.8913986e-03
  -1.1265415e-03
   1.6545150e-03
   1.1657764e-02
   6.9175958e-04
  -3.6525315e-03
   1.3980252e-03
   1.6424503e-03
   9.8558481e-03
  -5.5360152e-03
   3.9707663e-03
  -1.1763587e-02
   7.7314979e-03
  -1.9317956e-03
   1.2752797e-02
   9.8892755e-03
   9.5124774e-03
  -9.9097798e-04
  -1.7462292e-03
   1.3686300e-04
  -7.0534795e-03
  -4.8496580e-03
   1.9689131e-03
   3.0927568e-03
  -3.0325089e-03
  -1.3867254e-02
   3.9234442e-03
  -4.1893892e-03
   1.9067700e-03
  -2.4712390e-03
   1.0424006e-03
  -1.5712052e-03
  -7.6756882e-03
  -5.0413921e-04
  -7.6183353e-03
   5.8209525e-03
   3.7798314e-03
  -2.1565988e-03
  -2.0267259e-03
  -9.2962084e-03
  -1.8770105e-03
  -7.8806396e-03
  -5.3058604e-03
   1.8981835e-03
  -1.2196049e-02
   1.7374696e-03
   1.4895924e-02
  -9.2045211e-03
   4.9084655e-03
   1.1713073e-02
   7.1435283e-03
  -1.9720919e-03
  -6.0279801e-03
  -9.8680635e-03
   2.4780126e-03
  -2.0509709e-03
  -1.5493597e-03
   1.7609563e-03
  -4.6505828e-03
  -7.8314814e-05
   1.3797913e-04
   3.6959675e-03
   5.5277007e-03
   1.3453760e-02
   1.6511016e-02
  -4.4272506e-03
   1.0892663e-02
   1.1464666e-03
  -5.6703675e-03
   4.0499766e-03
  -2.1122271e-03
   9.4249031e-04
   3.5548944e-03
  -8.0746859e-04
  -5.9999145e-03
   5.3698291e-05
  -3.2413777e-03
   3.0945955e-03
   7.4336790e-03
  -1.4794743e-03
   6.2373363e-03
  -8.9102008e-03
  -8.9146926e-03
  -1.3116000e-02
  -2.0413574e-03
  -1.2303128e-02
   4.4029637e-04
  -8.3691201e-03
  -6.2865283e-03
  -7.6039403e-03
   1.0370391e-02
  -1.6034590e-03
  -7.3835234e-03
   1.3495087e-02
  -1.4836889e-02
  -9.0349129e-03
  -1.7230655e-02
   6.3478023e-03
   6.8712144e-03
  -1.7444786e-02
  -4.1810492e-03
  -1.2752179e-02
   6.7002209e-04
   1.3041044e-02
  -1.0911059e-02
  -5.4196362e-04
  -1.2074215e-02
   1.0506010e-02
  -1.9359247e-03
   9.2479224e-04
  -5.7690937e-03
  -1.8830293e-02
  -1.3001945e-02
  -2.7504135e-02
  -3.0383651e-02
   1.4774069e-02
  -2.2503255e-02
  -9.1512484e-03
  -2.9696830e-03
  -8.4548289e-03
  -1.9235875e-03
   2.5025350e-02
  -3.4677467e-03
   8.1295557e-03
  -1.1355100e-04
   9.0349226e-03
  -4.1127411e-04
  -1.9200727e-03
  -8.8810066e-03
  -1.1507739e-02
  -2.1957555e-02
  -1.9492458e-02
  -3.5081403e-04
   1.3017338e-02
   8.2325536e-03
  -1.8321610e-03
  -1.6858367e-03
   2.4145792e-03
   8.6140239e-03
  -1.4809395e-02
  -1.0379481e-02
  -1.1213826e-02
   9.9663601e-03
  -1.1752372e-03
  -3.4831169e-03
   8.6209218e-03
   1.7103220e-02
   3.2593835e-02
   1.1866900e-03
  -4.8340945e-03
  -1.3937431e-02
  -1.0679715e-02
  -1.1071940e-02
   7.8379984e-03
   3.2340664e-02
  -5.8574993e-03
  -1.0439203e-02
  -2.5346868e-03
   1.7181289e-02
  -2.3418783e-02
  -1.9382482e-02
  -1.6125823e-02
  -3.9405725e-02
   1.2655062e-02
  -2.7040865e-02
  -5.0054399e-03
  -1.2540543e-03
  -3.7876231e-02
   4.1389777e-04
  -4.3771132e-02
   2.5546488e-02
   2.2689960e-02
   3.5557547e-02
   5.4725458e-03
  -5.8898435e-03
  -7.3038352e-03
  -3.7067731e-03
   1.8085971e-02
   7.9112838e-03
   2.9968626e-02
  -8.4198121e-03
   9.8084341e-03
   5.8382794e-03
  -7.1095445e-03
  -7.0375389e-03
  -7.5016900e-03
  -4.3435164e-03
   9.6351875e-03
  -4.3157849e-03
   1.0323937e-02
   3.1642992e-03
  -3.8970704e-04
  -4.4713532e-03
   3.6632837e-03
  -1.2980357e-03
  -4.2019345e-03
   1.3136401e-02
   1.4544044e-02
   6.4743829e-03
   1.9471047e-02
   3.2785922e-02
   1.9029057e-02
  -1.2556710e-02
  -2.4103514e-03
  -9.6345417e-03
   1.1329724e-02
   1.4699856e-02
   4.0475847e-03
  -9.1270121e-03
  -1.2175083e-02
  -1.5497233e-02
   1.3386451e-02
   1.7002208e-03
  -8.5432389e-03
   6.5398762e-03
   4.1709499e-03
   1.3370108e-04
   1.6586142e-02
  -5.6855068e-04
  -3.1115330e-03
  -6.1537342e-03
   1.0855548e-02
   1.5131032e-02
   7.7911673e-03
  -8.5928476e-03
  -1.6335643e-02
  -1.0152824e-03
  -8.0757076e-05
  -3.4360857e-03
   4.0139926e-03
   2.5144259e-02
  -1.4343696e-03
   1.5669241e-03
  -6.2491374e-03
  -2.6678895e-04
   4.7291048e-03
   2.0807350e-02
   2.2121844e-02
   6.7941638e-03
  -1.4065422e-03
   2.1760138e-02
  -1.0450778e-03
  -9.2128183e-03
  -9.9614702e-03
   1.3772827e-02
  -7.4960585e-03
  -8.7906332e-03
   9.9286215e-04
  -3.5984808e-04
   2.1256499e-02
   1.1338230e-02
   7.6007421e-03
   4.9193226e-03
   8.9938259e-04
  -1.8197012e-02
  -2.6461003e-03
   1.6793298e-02
  -5.3694671e-03
   1.9160852e-03
  -1.4312296e-02
  -5.7726755e-03
   4.2698018e-03
  -2.0783792e-03
  -4.4071152e-03
  -2.0554512e-02
   3.2170496e-04
  -7.8657269e-04
   2.3479664e-02
   1.8362690e-02
  -3.4398866e-03
   1.4140382e-03
  -1.4140382e-03
   1.1226459e-02
   7.2647300e-03
   5.0671017e-04
  -3.6013316e-03
   1.0652094e-03
  -1.3281092e-02
   1.1658788e-03
  -9.4114381e-03
  -3.1877813e-03
   4.8584587e-03
  -4.0685045e-04
  -1.3994623e-02
   6.9599368e-03
  -1.6238913e-04
   5.2795806e-03
   1.2434581e-02
   3.6629522e-03
   7.4061284e-03
  -1.2029670e-03
  -7.2483508e-03
  -9.6130243e-03
  -2.1905814e-03
  -1.9687199e-03
  -3.0701779e-03
   2.3976997e-03
   1.1264656e-02
   2.9717366e-03
  -3.9756954e-03
   2.6901654e-03
   1.7203698e-02
  -3.3737303e-03
  -3.4189477e-03
   1.4080276e-02
   6.5104252e-03
  -3.9772476e-03
  -9.3471976e-03
   3.0523577e-03
  -7.6259636e-03
   5.9334280e-03
  -3.1650578e-04
  -3.5741506e-03
  -3.6619928e-03
  -2.6330780e-03
  -8.1685824e-03
  -5.9406718e-03
   6.3046349e-03
  -1.3503623e-03
   4.7039893e-02
   1.0192534e-02
  -5.7410165e-03
   1.4694516e-02
  -7.3202671e-03
  -1.0956904e-03
   3.6190849e-03
   3.0694773e-04
   9.0588052e-03
   2.5041911e-03
   1.4352554e-02
  -1.4507780e-02
  -7.0670671e-03
   5.2060102e-03
   4.2291564e-03
   2.4046417e-03
   4.3935478e-03
  -1.7666304e-02
  -1.1296967e-02
   1.0585064e-02
   4.9656274e-03
   2.0847388e-03
   2.6976846e-03
   4.3243881e-03
   3.3964102e-03
   1.9715598e-03
   1.7914357e-02
  -4.9621067e-03
   5.5279339e-03
  -8.7598135e-03
  -3.7803036e-03
  -1.3061576e-02
   1.3286143e-03
  -4.1286957e-03
   6.8086656e-03
  -1.6057164e-03
  -4.4554938e-03
  -8.7469739e-03
   1.9109666e-03
   2.2708403e-04
   5.0004970e-03
  -7.0273451e-04
  -1.5413880e-03
   5.9825500e-03
   2.7043655e-03
  -2.5847975e-03
  -4.6737786e-03
  -2.9473028e-03
   6.3085675e-03
  -3.3471329e-03
   2.9562128e-03
   5.9528689e-03
   6.0011805e-03
   1.2452912e-03
   8.7531471e-03
   2.0887126e-02
   6.0562201e-03
   1.2828444e-02
  -8.5406647e-03
  -2.7492943e-03
  -1.5317763e-03
   4.2142674e-03
  -1.5009070e-03
   4.5292820e-03
   9.8024406e-03
   1.7845185e-02
   8.2842657e-03
   3.9186464e-04
   1.6892858e-02
   1.2467037e-02
   7.5957165e-03
  -3.9312496e-04
  -3.1350467e-03
   9.6157708e-03
   1.5196673e-02
   9.1470810e-03
   9.6798079e-03
   4.6659128e-03
  -5.6177839e-03
  -2.8912264e-02
   7.4770925e-03
  -5.9924885e-03
  -4.9521522e-03
   5.7348904e-03
  -3.0273325e-03
  -9.1837852e-03
  -1.5260618e-02
  -1.4339613e-02
   1.3805415e-02
  -2.0247675e-02
   9.2332558e-04
   5.9426994e-03
   1.5268920e-02
  -5.4674684e-03
  -1.2417000e-02
  -6.0097182e-03
  -3.3536882e-03
   1.4574970e-02
   7.7667712e-03
  -1.2296226e-04
   1.8334063e-03
   9.3745485e-04
  -4.0013160e-03
   1.3424409e-02
   9.9397835e-03
  -1.4845292e-03
   6.7812104e-03
   7.7740786e-03
   1.8763871e-03
   7.7388968e-03
   6.6886867e-03
   5.0305253e-03
  -1.0613528e-03
   9.0153568e-03
   7.3778467e-03
   2.0398883e-02
  -6.2065604e-03
  -5.7476342e-03
  -1.1748416e-02
   9.5695632e-03
   5.9224845e-03
  -3.7290827e-03
   3.9667611e-03
  -6.5189052e-03
  -2.3553904e-02
  -1.9222640e-03
   6.7133061e-03
  -1.8088406e-03
   6.2530986e-05
  -1.2781953e-03
   5.2068196e-03
   1.0018867e-02
   1.1636253e-02
  -2.8425459e-03
  -5.8060527e-03
  -1.7477211e-02
  -8.8334616e-03
  -1.1541810e-02
   9.4597549e-03
   4.3817144e-03
  -6.5314975e-03
  -9.9953055e-03
   2.0632602e-02
   9.6295191e-03
   1.0694251e-02
   1.4358050e-03
   1.1199015e-02
  -9.0196357e-04
   7.4302263e-04
  -1.2455395e-02
  -8.7792459e-05
   7.5337390e-03
   3.0914974e-03
   1.8655079e-02
   8.2252110e-03
   4.2698325e-03
   1.4926898e-02
   4.1667877e-03
  -1.5871058e-02
  -1.7430078e-02
   1.5551007e-02
   1.3270823e-02
   1.0803837e-02
  -6.6550322e-03
  -2.4877693e-03
   4.1886840e-03
   6.6219055e-03
   1.4059618e-02
  -8.7494640e-03
   1.9562878e-04
   1.4981756e-02
  -1.9395946e-03
   7.4484857e-03
   1.4352195e-02
  -4.4466665e-03
  -1.0389118e-03
  -7.3692028e-03
   1.2894137e-02
   1.6432695e-02
   3.2256109e-04
   1.0236755e-02
   1.6410648e-02
  -2.1238743e-02
   1.2777030e-02
  -5.6913759e-03
   5.7876472e-03
  -2.0112907e-02
   1.2739124e-02
  -2.0028363e-03
  -5.7677401e-03
  -1.0019057e-02
  -5.4234843e-03
   3.5694722e-03
  -1.5419922e-03
   3.7077023e-03
  -1.1046431e-02
  -2.1142695e-02
   4.2259936e-03
   8.6927125e-03
  -1.7914388e-02
  -1.5402982e-03
   9.5273360e-03
  -2.2403394e-02
  -2.4574621e-02
   1.5961904e-02
   1.7254914e-02
   1.8493703e-02
  -8.2013781e-03
  -7.3983739e-03
  -2.1784821e-03
  -7.0768702e-03
   1.8165973e-02
   1.3550581e-02
  -1.0551629e-02
  -9.7013048e-04
  -9.3727894e-03
  -1.0431923e-02
   8.9143452e-04
   3.3487199e-03
  -1.5680982e-02
  -4.0801490e-03
  -4.8035766e-03
  -1.1364586e-02
  -1.7940299e-02
  -3.3251656e-02
   3.1608039e-02
   1.0773286e-02
   1.1977783e-03
   8.7832582e-03
   8.6844839e-03
   5.8242175e-04
  -1.2342150e-02
  -1.3304948e-02
  -1.1030654e-02
  -2.8882228e-02
   9.6683465e-03
  -1.4696240e-02
   5.8188400e-03
   2.7935211e-02
   8.6712345e-06
   1.0969378e-02
   1.0553370e-02
  -8.7282208e-03
   4.6832759e-03
  -8.3426394e-03
  -1.7182533e-02
  -2.0122434e-02
   1.8299678e-02
   6.2070700e-03
  -1.4496459e-02
   2.3135940e-02
   1.3565754e-03
   1.8725215e-02
   6.2972199e-03
   1.4657054e-02
   9.9049929e-04
   5.4289069e-03
  -5.4068457e-03
   1.0312552e-02
  -3.9051013e-03
  -4.9910350e-03
  -2.0824174e-02
   6.0129101e-03
  -4.7990074e-03
   2.7517114e-04
  -1.3943261e-02
  -2.0966492e-02
   1.0581344e-02
   8.8979591e-03
   5.8716226e-04
  -1.2466866e-02
   5.2373467e-03
  -5.2431171e-03
   8.5640894e-03
  -1.6085241e-02
   4.4581230e-03
  -1.6257247e-02
  -2.0757487e-02
  -1.0142044e-02
  -1.7851659e-02
  -2.2298443e-02
   1.5297139e-02
   1.5060530e-02
  -2.3270775e-02
  -4.6171457e-03
   1.7066881e-02
   3.0675250e-03
  -1.1842581e-02
  -5.7307465e-03
   6.4990308e-03
  -2.1011098e-02
  -1.3687719e-02
  -4.8483203e-05
   7.9905389e-03
   9.2719595e-03
   1.1340784e-02
   1.0564221e-02
   5.6686876e-03
  -5.0388970e-04
   9.2029816e-03
   2.8483380e-03
  -6.0059688e-03
   3.6875083e-04
   1.0273241e-02
   4.9505652e-03
   1.4795773e-02
  -5.3122047e-03
  -6.7337486e-03
   1.5064630e-02
   1.8757856e-02
   5.2460568e-03
  -3.3428903e-03
  -4.1063756e-04
   6.1766683e-03
   4.3100153e-03
  -8.9033087e-03
   5.1463887e-04
  -9.3541462e-03
  -1.9345828e-02
  -6.8438730e-03
  -5.6604666e-03
  -8.5726197e-03
  -3.8968145e-03
  -9.7145294e-03
   5.5283910e-03
   6.4654604e-03
   6.8282341e-03
   9.8834040e-03
   1.3095062e-02
  -4.3340625e-03
  -4.5297177e-03
  -1.8217015e-02
  -1.1392882e-02
  -1.5594864e-02
  -1.7171088e-02
   1.3064874e-02
   2.6714226e-02
  -9.1545587e-03
  -1.4968935e-02
   1.3232047e-02
  -5.7803450e-03
   1.5656702e-02
  -1.2510661e-02
  -2.6630677e-03
  -1.3792240e-02
  -7.4055392e-03
  -5.8883351e-04
   1.6673973e-02
  -5.6709502e-03
   2.8340432e-05
   1.8460546e-02
  -1.3268927e-02
  -4.9051109e-03
  -8.7105397e-03
   5.1280133e-03
  -2.0816894e-02
   1.6953035e-03
   5.6580962e-03
   1.1566122e-02
   4.4468240e-03
   2.9323043e-02
  -6.3916813e-03
  -1.2820198e-03
  -1.6604343e-02
  -3.6377093e-04
  -1.2711008e-03
  -1.1049487e-02
   1.8527219e-03
  -1.5024959e-02
  -2.1290413e-03
   9.5244316e-03
   1.7586050e-02
   2.4791860e-03
  -1.2239176e-02
   9.3990397e-03
   5.4599438e-03
  -9.4642334e-03
  -2.0918695e-03
   1.2888382e-02
   7.8019360e-03
  -9.3475886e-04
   9.3146359e-03
   1.4225728e-02
  -8.5172301e-03
  -1.7341874e-03
   4.3420130e-03
   6.6864324e-03
  -6.7990133e-03
  -1.0030849e-02
   6.8673216e-03
   6.1654015e-03
   6.5508145e-04
  -1.0931536e-02
   7.5027720e-03
  -4.3965094e-03
   5.4546365e-03
   9.8824177e-03
  -1.3248824e-03
  -7.5491002e-03
  -6.6892123e-03
  -1.6027850e-03
  -1.5072470e-03
  -7.2832548e-03
   3.8282455e-03
  -6.2275887e-03
  -1.1460507e-02
  -6.2792040e-03
  -1.5262749e-03
   6.4737769e-03
  -3.2255362e-02
  -4.1926470e-03
  -1.2779967e-02
   1.6852790e-02
   1.4757475e-03
   5.8427277e-03
  -1.0068211e-03
  -1.9584000e-02
  -1.4336085e-02
  -5.2775856e-03
  -1.0122044e-02
   1.8139538e-03
   1.3945180e-02
   1.2238921e-02
  -1.7373912e-03
   1.5861475e-03
   3.8954418e-03
  -9.8052425e-03
  -2.0177057e-02
   8.4055996e-03
   6.7411301e-03
   1.1617258e-02
   1.7761090e-03
  -3.4632126e-03
   6.2847452e-04
   1.0464584e-02
   3.4056082e-03
   1.5886019e-02
   7.0158310e-03
  -3.7611107e-03
  -5.5019016e-03
   6.3735526e-03
   2.2741648e-03
  -9.0734284e-03
   8.6609055e-03
  -2.8637878e-03
  -1.0826520e-02
  -5.7794955e-03
  -1.1097159e-02
   1.0368203e-03
  -4.3901247e-03
   8.8228992e-03
  -6.8842816e-03
  -1.3015597e-02
   4.1347837e-03
   4.3218843e-03
   1.7704891e-02
  -1.1593842e-02
  -6.1204620e-04
  -2.5952741e-02
  -2.0808798e-02
  -1.5123129e-02
   7.8407285e-03
  -2.8620244e-03
   1.2419824e-02
  -1.2101032e-02
   1.0724074e-02
  -9.7233106e-03
   4.0964837e-03
  -1.4453237e-03
  -2.9384740e-03
  -8.1029241e-03
   7.0568192e-03
   9.0358164e-03
  -4.6508910e-03
  -5.0089525e-03
   2.1581980e-02
  -5.0355657e-03
   5.3879128e-04
   1.7639287e-02
   7.9901541e-03
  -6.5609202e-03
   5.9360220e-03
   3.0344100e-03
  -3.5632193e-03
   1.7549695e-03
   7.9681960e-03
  -7.9183839e-03
  -6.3226834e-03
  -1.5417522e-03
   5.8267561e-03
   1.1373577e-03
   1.5111487e-03
   4.8104791e-03
   1.5754962e-02
   5.1948169e-03
   6.0813591e-03
   1.6084838e-02
   1.0087632e-02
  -6.1085730e-04
   1.8854369e-02
   6.1006642e-03
   5.6109293e-03
  -2.3916905e-03
  -1.2754454e-02
   3.0234409e-04
  -2.4646073e-03
  -1.1355147e-03
  -1.4870905e-03
  -4.0915990e-03
   1.7188403e-02
   8.9472766e-03
   5.7096181e-03
  -1.8993221e-02
  -7.0907518e-03
  -6.3841434e-03
   4.9190233e-03
   1.3948017e-04
   8.2504160e-03
   2.1892765e-03
   2.6832250e-03
  -2.3305644e-03
  -3.5199083e-03
   4.4821924e-03
  -6.7246773e-03
  -8.8338812e-03
   6.5245397e-03
   6.8594950e-04
  -2.0654520e-03
  -2.2744537e-03
   3.7899476e-03
  -3.7806409e-03
  -1.8537356e-03
   5.9402894e-03
   7.2066227e-03
   4.2933987e-04
  -4.5387914e-04
  -7.9238522e-03
  -3.3447851e-03
  -1.3845430e-03
   1.7705520e-04
   6.4303528e-03
   1.6127021e-03
  -4.0536570e-03
   2.5820081e-02
   7.9184253e-03
   9.7773437e-03
  -2.4405843e-03
  -6.8941956e-03
  -4.4224659e-03
   7.6609702e-03
  -1.0313029e-02
  -2.5534559e-03
  -1.0059971e-02
   3.7919526e-03
   1.1740754e-02
   5.4937051e-03
   4.1533397e-03
   4.3552499e-03
  -5.5780077e-03
   4.2153231e-03
   4.8114479e-03
   2.0949288e-02
  -2.2269985e-03
   5.9497437e-03
   2.4492695e-03
  -3.4024252e-03
  -3.4024779e-03
   6.3655113e-03
   8.4608827e-03
  -3.7410744e-03
   8.2822869e-03
  -4.4671602e-03
   7.0891600e-04
   2.0204866e-04
  -5.8016340e-03
  -3.1200936e-04
   5.9628222e-03
   8.5624846e-04
  -6.4412369e-03
  -5.7026982e-03
  -5.7004666e-04
  -1.1487188e-02
   6.1828712e-03
   5.7886452e-04
  -1.5915434e-04
   7.0766438e-03
  -2.2006766e-03
   5.0127866e-03
   6.7682057e-03
   3.6506189e-03
   4.3406358e-03
  -1.0735010e-03
  -4.6888654e-03
  -7.1448520e-03
   4.9928065e-03
  -1.9028851e-03
  -3.0813409e-03
  -2.1073796e-02
  -1.1936282e-02
   5.5891758e-03
  -1.2018693e-02
  -5.2770256e-03
   9.9224051e-03
  -4.5591025e-03
  -6.8958379e-03
   6.7077318e-04
  -6.2309239e-03
  -1.3357690e-02
  -1.4711982e-02
   5.2157641e-03
   8.2285288e-03
   1.9148539e-02
  -4.9720837e-03
  -3.5744621e-03
   6.4963775e-03
  -4.4811524e-03
  -1.4936816e-02
  -2.3186327e-02
   3.7025198e-03
   1.7029834e-02
  -7.5498813e-03
  -5.1781196e-03
   1.1547951e-02
   7.7035258e-03
   3.0587865e-03
  -2.8543727e-03
  -2.5383011e-03
   1.0989372e-02
   3.2465649e-03
   7.2361300e-05
  -5.4416803e-03
   2.0804036e-03
   6.0169288e-03
  -1.7997742e-03
   1.3384341e-02
  -4.5221851e-03
   1.0437398e-02
   3.3922436e-03
   1.7207626e-02
   3.4472380e-03
   1.2498335e-02
   1.1673064e-03
  -6.5459440e-03
   3.7421160e-03
   1.5823939e-03
   9.4760026e-03
  -3.5790958e-03
   2.2349033e-03
  -2.9403587e-03
   4.7980301e-03
   3.1021656e-04
  -3.7940632e-03
   6.0135323e-03
   6.3942064e-03
  -3.0069148e-03
  -1.0547806e-02
   2.0338771e-02
   6.1562334e-03
   2.7750506e-03
  -1.3759795e-05
  -2.6884487e-02
   1.7333691e-02
   8.7276158e-03
   1.4926221e-02
   8.7423629e-03
   1.3448199e-04
  -6.6624188e-03
   8.2272234e-04
  -1.8493678e-03
  -9.2601952e-03
  -1.2097923e-03
   7.6473810e-03
   2.0653745e-04
   6.3680939e-03
   3.9531761e-03
   4.5830037e-03
   1.8000794e-03
  -2.3061828e-03
  -6.0986939e-03
   6.7306139e-03
   4.5908331e-03
  -8.6570896e-03
  -1.1371515e-02
   7.7149573e-03
   7.3640608e-03
   4.3872141e-03
  -6.2955861e-03
  -1.2580922e-02
   3.7449114e-03
   9.0091437e-04
  -1.0187168e-02
   6.7957277e-03
   1.6565250e-03
   1.0900685e-02
  -6.7547648e-04
   1.5078377e-02
   1.0427461e-03
  -2.1341737e-03
  -4.7870112e-04
   1.5039141e-02
   6.8042667e-03
  -3.9348880e-04
  -3.7952679e-03
   2.7849496e-03
   1.3303303e-02
   1.4389025e-03
   6.7656497e-04
  -5.3566404e-02
  -1.6561569e-02
   1.8433902e-02
   9.2162359e-03
   1.8862584e-03
  -1.5760212e-02
  -2.4709995e-03
  -1.5386702e-03
   3.2209111e-03
  -3.9911349e-03
   8.5987236e-03
   7.8637716e-03
   9.4878078e-03
   7.2173571e-03
  -4.8884157e-03
   1.3317095e-02
  -4.8838999e-03
   4.1132452e-03
  -2.4042986e-03
   7.0063807e-03
   1.4352743e-03
   4.4558922e-03
   3.8252376e-03
  -1.1397827e-02
   9.1975946e-03
   6.3586898e-03
  -5.7155980e-03
   7.5318923e-03
   8.0023610e-03
   1.1690551e-03
   2.5232288e-03
   5.1278293e-03
   1.3441391e-02
   7.8507220e-03
  -2.9056950e-03
   2.9597430e-03
   6.2400712e-03
   6.8780798e-03
  -2.9527270e-03
  -7.1384858e-03
  -5.5383434e-03
   1.1082174e-04
   5.0962189e-04
  -6.5042084e-03
  -8.0790631e-03
   2.7534142e-03
   1.0598442e-02
   1.2264924e-03
   1.5002831e-03
   2.0843596e-03
  -2.4211125e-03
   1.0306672e-02
   8.1738745e-03
   2.8197546e-03
  -6.5215864e-03
   2.2938010e-03
  -2.6585685e-05
   3.1828371e-03
   3.8857598e-03
  -2.7901596e-03
  -7.0593330e-03
  -3.4864220e-03
  -5.6022146e-03
   6.7883794e-03
   2.0966505e-03
   1.0417816e-02
  -7.6847040e-03
   8.8403605e-03
   1.2194111e-02
   7.3514742e-03
  -3.1985717e-03
  -1.1463482e-03
  -3.1012468e-03
   3.8090243e-03
  -2.8081050e-03
  -3.9598381e-03
   7.0909949e-03
   5.3962484e-03
   1.1718001e-03
  -2.6948473e-03
  -5.8532386e-03
   7.2965536e-03
   3.3269331e-03
  -5.2494666e-03
  -6.4116232e-03
   4.9490571e-03
  -1.3505891e-02
   7.8705509e-05
   4.0414193e-03
  -7.7760166e-03
  -6.2940335e-03
  -8.8364464e-03
  -1.4169150e-02
  -1.7731887e-02
   4.1240063e-03
   8.7374825e-03
   4.4611209e-03
  -1.4796609e-02
   8.5628227e-03
  -1.3352100e-02
   8.6012612e-03
  -1.1674041e-02
  -7.2355479e-03
  -8.3120770e-04
   1.1868563e-02
   1.5121252e-02
   1.9664391e-02
   2.4095930e-03
  -7.0828795e-03
  -7.0032513e-03
  -5.6739681e-04
  -9.7672795e-03
  -2.8921502e-03
   2.9194417e-03
  -1.2238855e-03
   6.5241333e-03
  -9.8657844e-03
   2.4818016e-03
  -6.0972681e-03
   1.5480712e-02
   2.4107956e-03
  -7.1410029e-03
   8.5110881e-03
   2.1887290e-03
  -9.4163025e-03
  -5.1315519e-03
   2.0076865e-03
  -7.3554992e-03
  -9.4803614e-03
  -3.2552383e-03
   2.4607157e-03
   6.2407839e-03
   3.9616699e-03
  -5.9212624e-04
   7.2462461e-03
   1.2052305e-02
   5.4565992e-03
  -4.4152987e-03
  -3.3728417e-03
   3.0397435e-03
   2.7887197e-03
   1.0693909e-03
   9.1672673e-03
   1.0130536e-02
   8.6013579e-03
  -4.4856883e-03
   4.8771711e-03
   5.7100571e-03
   5.3351651e-03
  -4.3568034e-03
   5.2737086e-03
   1.1595834e-03
   1.3593332e-03
  -4.5179600e-03
  -2.4220318e-03
  -1.0388021e-03
   5.4059649e-03
   1.4495689e-02
  -7.6277384e-03
   6.2197482e-03
   1.2667360e-02
   5.7494595e-03
   1.8169389e-04
  -4.2375066e-03
   4.9730295e-03
  -2.2127421e-03
  -3.0271544e-03
  -7.1979981e-03
  -1.0024388e-02
  -4.7124315e-04
   2.2960844e-03
   1.3170879e-02
   1.2130423e-02
   1.4603370e-03
  -1.2728793e-03
  -1.5187405e-03
   8.5982806e-03
   2.3204153e-03
   5.1345617e-03
  -6.7016894e-04
  -1.3840617e-03
   5.1520935e-03
   1.3437167e-03
  -2.9697002e-04
   7.2372943e-03
   8.8705250e-03
   2.6943949e-03
  -6.6916160e-03
   1.0928690e-02
   1.1003372e-02
   3.3578251e-03
   1.5609362e-02
  -6.8869706e-03
  -2.2227953e-03
  -2.1086952e-03
   1.0377273e-02
  -1.5985954e-02
  -2.9823383e-03
  -2.7654754e-03
   2.1146620e-02
  -3.6104244e-03
   1.7236046e-02
   1.9187357e-02
   1.1726004e-02
   5.9759674e-03
   2.0843908e-02
   1.0304856e-03
   7.3995872e-03
   1.9068485e-03
  -2.6781452e-02
   2.4133797e-02
   3.9640146e-03
   1.1545858e-02
   1.8999463e-03
   5.1953814e-03
   1.7541697e-02
  -2.9340557e-04
  -4.2800386e-03
   1.0733729e-02
   1.5738636e-02
   3.6859136e-03
   4.7152714e-03
  -9.7109453e-03
  -2.2595235e-03
  -2.3398763e-02
  -1.3389571e-02
   1.8849148e-02
  -1.3887989e-02
  -4.4264574e-03
   1.3369322e-02
  -6.2816311e-03
   6.7222577e-04
   1.5242961e-02
   6.7645881e-03
   6.3063587e-03
  -4.5333371e-04
  -5.1700342e-03
   2.9793925e-03
   4.1914695e-03
   7.4962911e-03
   1.7931750e-03
  -7.2451337e-04
  -4.3198263e-03
  -8.5451501e-03
  -1.0524797e-02
  -1.5242355e-02
   7.0345384e-03
  -4.2385045e-03
   8.6532585e-03
  -9.7703571e-03
  -5.9512170e-03
   1.1824129e-02
  -3.3033807e-03
   1.5598473e-02
   1.8420010e-02
   2.1144489e-02
  -3.1433118e-03
  -1.1767851e-02
   5.2412721e-03
   2.5146614e-04
  -1.9847060e-02
  -8.0582036e-03
   3.1787969e-03
  -1.4201835e-02
   4.1817728e-04
  -1.5690673e-03
   1.6585382e-02
   1.4949947e-02
  -1.7615869e-02
  -1.8183300e-02
  -3.0309435e-03
  -5.7637700e-03
   1.0586017e-02
   2.3162553e-02
   3.9583674e-03
   8.0744996e-03
  -7.0718635e-03
  -8.5895397e-03
   2.0580313e-03
   2.4151391e-02
   3.9019571e-04
   7.3582905e-03
  -2.0608593e-04
   7.5758743e-03
   1.0365877e-02
   1.2526731e-02
  -5.1093204e-03
  -6.9707408e-03
   4.3029162e-03
   1.3950466e-02
   1.2111641e-02
   1.4762347e-03
   2.3689556e-02
  -2.7728497e-03
  -9.5981042e-05
   3.6886361e-03
   1.0361801e-02
   2.5085489e-02
   6.4245247e-03
  -3.1484118e-03
   8.6886213e-04
  -8.9098475e-03
  -4.0360398e-03
   1.1361391e-02
   2.3400807e-02
  -7.2849494e-03
   4.6920459e-03
   2.3039866e-02
   1.4064522e-02
  -2.3218707e-02
  -1.6348169e-02
  -1.8191456e-02
  -4.3337083e-04
   1.6802858e-02
   1.0283852e-03
   1.5937455e-02
   1.5498519e-02
  -1.5949928e-02
   4.6369015e-04
   7.8241212e-03
   1.6236004e-02
   1.8205778e-03
  -8.7257023e-03
  -1.2662828e-02
   1.1530487e-02
   8.2846951e-03
   1.2972127e-02
   5.9024624e-03
  -7.1622759e-04
   1.6935180e-02
   3.0821072e-03
   7.0780236e-04
  -7.9369744e-03
   1.2322524e-02
   1.7779516e-02
   1.1137265e-02
  -1.5332389e-05
   4.2061870e-03
  -9.1246649e-03
   3.5808679e-03
  -9.7547245e-03
   2.4437499e-03
   7.9681473e-03
  -1.4796308e-02
   1.0142162e-02
  -1.4304195e-02
  -2.7175585e-02
  -1.1442362e-02
   2.8396413e-02
  -6.2059338e-04
  -2.9579970e-02
   1.0991621e-02
  -1.9152364e-03
  -1.7849094e-02
   2.5247924e-02
  -8.3967331e-03
  -1.1876338e-02
  -1.5667798e-02
   5.8057631e-03
   2.5286672e-02
   4.2352871e-03
  -1.1878060e-02
  -1.3269228e-04
   5.2558713e-03
  -1.3954553e-02
  -2.2200840e-03
  -2.3583630e-02
   1.8436629e-02
   1.5643983e-02
  -9.3483555e-03
  -1.2860362e-02
   6.6156767e-03
  -1.1058143e-02
  -3.3353496e-03
  -3.3968401e-03
  -3.7267836e-03
   1.0169582e-02
   1.5527919e-02
  -1.5095605e-03
   3.1822749e-04
   9.6731430e-03
   5.4073845e-03
   1.7655601e-04
  -7.6261281e-03
  -7.5473067e-03
  -3.5057908e-03
   1.5918445e-02
   1.4832138e-02
   6.4660639e-04
   1.1730225e-02
   1.4460779e-03
   2.0058050e-02
  -1.9803351e-03
   1.3398748e-02
  -1.0226197e-02
   1.1230044e-02
   1.8814055e-03
   6.9348482e-03
   8.5155508e-03
  -1.1118761e-02
  -1.6190580e-03
  -2.0858123e-02
   4.3995460e-03
  -1.9074391e-02
  -3.1158692e-02
   7.9613723e-03
   5.3998431e-03
  -4.7481535e-03
  -1.1154664e-02
   1.6566924e-03
  -1.5169022e-02
   2.1869170e-03
   2.5924770e-02
  -4.0216736e-03
  -2.5169495e-02
  -7.8813477e-03
  -4.5041870e-02
  -4.2708780e-02
   5.5015029e-02
   1.1097387e-02
  -1.2921630e-02
   1.0125062e-02
   8.7932135e-04
   9.8889523e-03
  -5.2076237e-03
  -2.5588210e-02
  -6.2800463e-03
  -9.1095845e-03
  -1.1299665e-02
   1.4225758e-02
   9.5769152e-03
   3.3283303e-02
   3.7671755e-03
   3.1600236e-03
   3.1320059e-02
   8.7242343e-03
  -2.3037559e-02
   1.0590994e-02
   1.6926896e-02
   9.1827343e-03
   1.8048331e-03
   2.8985394e-02
   8.1275066e-05
  -6.1929885e-03
   1.3379274e-02
   1.2513001e-03
   8.8505089e-03
  -1.4217099e-02
  -2.1933274e-02
   8.0339537e-03
   9.0120744e-03
   1.7715142e-02
  -1.0321257e-03
  -2.6528093e-03
  -2.5024501e-02
   2.3915029e-03
   1.0712722e-03
  -2.8895409e-03
   3.1784249e-02
   7.8891877e-03
  -1.0919572e-02
   2.6651889e-02
   1.8670809e-02
  -5.6536133e-03
  -8.8828918e-03
  -3.6123889e-03
  -8.7190195e-03
   1.3663010e-02
   7.7671894e-03
   3.6539379e-03
   1.9034476e-02
   1.1024618e-03
   9.6168200e-03
   6.4023440e-04
   3.4680594e-03
  -1.1575448e-02
   1.3451410e-02
   8.9488891e-03
   3.6565829e-03
  -1.6685546e-03
   2.3422337e-03
   1.7156934e-02
   9.1723476e-04
   7.6592463e-03
  -6.9549171e-03
   8.9158999e-03
  -1.6509524e-02
   4.5049589e-03
   8.7239032e-03
  -1.1479758e-02
   6.2747680e-03
   3.8712892e-03
   1.6910001e-02
   4.9300513e-03
   3.9981663e-03
   1.8817975e-02
  -6.4951732e-04
   1.5174632e-02
   2.0291740e-02
  -4.0121065e-03
   1.3218306e-02
   2.3593390e-02
   2.1419951e-03
  -2.2388218e-02
   3.1708044e-03
   2.9590372e-02
   4.5629445e-03
  -8.3750201e-04
   3.7789039e-05
   9.2241038e-03
   1.0912699e-02
  -1.7672547e-04
   7.6373028e-03
  -1.9164918e-03
   3.0478696e-02
   1.4540869e-02
   1.5299846e-02
   2.0507676e-02
  -1.2896472e-02
   7.0471502e-03
  -1.6806119e-03
  -1.6256482e-03
   1.3929157e-02
   6.0258406e-03
   1.5003641e-02
   2.2612392e-02
  -1.1539242e-02
  -1.4637828e-02
  -2.3892399e-03
  -1.6308893e-02
  -1.5399293e-03
   8.3486828e-03
   6.9392040e-03
  -5.0917707e-03
  -1.3286994e-02
  -3.2103850e-02
  -7.8942861e-03
  -3.4844594e-02
   3.6440157e-02
  -2.3090468e-02
   3.5292466e-02
   2.3086469e-02
  -2.5496189e-02
  -3.8558277e-03
  -2.2523020e-02
   2.1801112e-03
   2.3410548e-02
  -1.5567322e-02
  -7.2421215e-03
   8.8334476e-03
  -1.8291762e-03
  -4.2471041e-03
   1.6601147e-02
   1.4076244e-02
  -1.1263298e-03
   6.3904484e-03
   2.3156662e-02
  -1.3057522e-03
  -3.7807187e-02
   6.6743645e-03
  -5.4022829e-03
   7.3467288e-03
   3.6393836e-03
  -1.7204956e-03
   1.6375954e-02
   1.4358063e-03
  -2.2505465e-02
   6.8747396e-03
  -1.6652207e-02
  -2.0869747e-02
  -1.6015646e-02
   9.5040561e-03
   2.2050575e-02
  -1.4217562e-02
   4.7626828e-04
  -4.4447596e-03
   1.5422880e-02
   2.8470008e-03
   2.3402815e-02
  -2.6306901e-03
   1.3088692e-02
  -9.4462940e-03
   1.9123319e-02
   5.0152975e-03
   1.4195069e-02
   9.3557886e-03
   7.5171014e-05
   7.2182201e-03
  -7.9231702e-03
   1.3162843e-04
   8.6493907e-03
   5.8176440e-03
  -8.1598168e-03
   5.7569396e-03
   1.7193298e-02
  -5.4289994e-03
  -1.2451897e-02
  -1.8537812e-02
   5.1096415e-03
  -5.2611566e-03
  -1.8977716e-02
  -1.9902619e-03
   6.7661604e-03
   1.5110564e-02
  -7.1311875e-03
  -7.9130981e-03
   8.0655589e-03
  -1.9827877e-02
  -1.7060418e-02
   1.0111628e-02
  -1.7596665e-02
  -3.3536965e-02
   1.8228808e-02
  -4.0081229e-03
   7.2645914e-03
  -8.8753523e-04
   2.0196855e-02
   9.0953566e-03
  -2.0502116e-02
  -5.9867272e-02
  -1.6531426e-02
   2.0357508e-02
  -3.6639975e-02
  -6.0278343e-02
  -2.3239723e-02
  -1.4212413e-02
  -3.0901811e-03
   3.6875973e-02
  -1.9883579e-02
  -5.1562231e-03
   1.3781985e-02
   2.9961864e-02
  -2.3840804e-02
  -7.3273508e-02
  -2.5110210e-02
   2.4604009e-02
  -8.5044147e-03
   2.5349085e-02
  -4.6247409e-02
  -5.5425703e-03
  -5.6254343e-02
   4.1570529e-02
   6.3232381e-02
  -1.5541844e-02
   1.0672487e-02
   1.1602216e-02
   4.7121848e-04
  -4.9506380e-02
  -7.3389754e-02
   3.3029659e-03
  -1.5521548e-03
   5.7258701e-02
  -2.1587512e-02
  -2.8781823e-02
   2.5522090e-02
   4.4346908e-02
   3.0655795e-02
   1.3011847e-02
   4.7842687e-02
   2.0439636e-03
   2.1230435e-02
  -1.8766697e-02
  -2.8579003e-02
   1.8723093e-02
   6.8136702e-03
   2.8993273e-02
  -2.1147143e-02
   7.8475012e-04
   2.9861916e-02
   2.4193597e-02
  -8.0630330e-03
   2.0814836e-02
  -2.4232069e-03
   1.0375123e-02
  -1.1935220e-02
  -1.7816015e-02
   7.1608395e-04
   5.7770107e-03
  -1.6866492e-02
   2.3991452e-02
  -8.0372472e-03
  -1.3254108e-03
   2.9453620e-02
   2.0490742e-02
   1.0596701e-03
   3.9426934e-03
   3.7695762e-03
   2.5320435e-02
   1.2049259e-02
  -2.3747710e-02
  -3.2206647e-02
  -1.1771621e-02
   1.0689642e-02
   5.5900999e-03
   7.6661273e-03
   1.4928941e-02
  -1.3459775e-02
  -2.4797708e-02
   2.6274972e-03
   1.2194926e-03
   9.7027701e-03
  -4.2387459e-03
   3.1379715e-03
   2.6464778e-02
   8.0072617e-03
   1.9124015e-02
   8.7587087e-03
  -1.2968541e-03
  -1.0527318e-02
   6.0281307e-02
   1.9234188e-02
  -1.9651588e-02
  -2.9833493e-03
  -1.5851521e-02
  -2.3507614e-02
  -7.1283311e-02
  -1.8780235e-03
   3.0911566e-02
   4.8323906e-02
  -9.9515918e-03
   1.1800656e-02
  -1.6917150e-02
  -3.1627358e-02
   5.5577803e-03
  -7.8919679e-03
   2.0740617e-03
   2.2907517e-02
   4.7344307e-03
   1.2013018e-02
  -5.4719260e-03
   5.7321430e-05
  -8.9709439e-03
  -4.6886130e-03
  -1.6496324e-02
  -1.5540688e-02
   1.6358071e-02
   3.4961131e-03
   5.0293726e-03
   1.6467391e-02
  -1.0330836e-02
  -1.5104214e-04
  -4.0037790e-03
   8.3920401e-03
   1.0536777e-02
   1.8783426e-02
   8.9202539e-03
  -1.7010123e-02
  -5.4675116e-03
  -1.5967091e-02
  -1.6224267e-03
  -1.1818545e-02
   1.2967231e-02
   1.7210744e-02
  -1.4459878e-02
   5.4519029e-03
   2.5000819e-03
   2.4991701e-02
  -9.5582334e-03
   2.5979899e-03
   9.1420047e-03
  -9.3287635e-03
  -7.8775250e-03
   3.3838254e-03
  -1.1846110e-02
  -2.3036661e-02
  -7.8358466e-04
   1.5063841e-02
  -2.1428224e-02
   9.1801626e-03
  -7.3235283e-03
   6.5579611e-03
   2.7405522e-02
   1.6338136e-03
   7.2415915e-03
   1.2770741e-04
  -6.2181511e-03
   8.0922860e-03
  -3.9977797e-03
  -8.0138275e-03
  -2.2518721e-02
   7.5786267e-03
  -1.9445473e-02
   1.1229453e-02
   2.4297374e-03
   1.0844684e-02
   5.6439364e-04
   1.6281017e-02
  -5.9232562e-03
  -2.7974879e-04
  -3.2237510e-03
   1.1506054e-02
  -7.1198603e-03
  -7.1188557e-04
   6.0612432e-03
   8.1115891e-03
   1.7365514e-03
  -5.4671300e-04
   1.7276151e-03
   8.8340048e-03
  -1.0549817e-02
  -1.9980509e-02
   1.8756080e-03
   1.8813792e-02
  -2.2808617e-03
   6.1340908e-03
  -4.2493989e-03
  -2.8978892e-03
  -4.2730124e-03
  -1.0633976e-02
   3.9677320e-03
   4.1476559e-03
  -1.5340901e-03
   1.1855496e-03
   1.5052775e-02
   2.2651970e-03
   3.4601891e-03
  -5.6960367e-03
   2.0542738e-03
  -1.4424762e-02
   9.7707050e-03
  -9.3854839e-03
   7.8512452e-03
   1.0947231e-03
   4.1597502e-04
   1.3872863e-02
   4.3677317e-03
   4.8241660e-04
  -6.7698974e-04
  -4.5495307e-03
  -4.1922277e-03
   7.4824660e-05
   8.2658560e-04
  -7.8944764e-03
   1.4748855e-02
   3.0684395e-03
   1.4621968e-02
  -7.7137842e-03
  -6.8601192e-03
  -8.8336240e-03
   2.1177520e-03
  -2.0615049e-03
  -1.8889616e-02
  -1.0900227e-02
   1.2443661e-02
  -1.5216923e-03
   7.0654761e-03
  -1.3142696e-02
  -5.7913199e-03
  -1.0427395e-02
  -1.2657502e-02
  -8.9132894e-03
  -1.0535558e-02
  -1.2362361e-03
  -2.9574651e-02
   1.0628155e-02
   8.7164803e-04
   3.6253008e-03
   2.0773253e-04
  -2.5945730e-02
  -5.8695978e-03
   2.1105578e-02
  -1.1357497e-02
   1.3998701e-02
   5.0670735e-03
   1.6218894e-02
  -9.1615179e-03
   1.4564320e-02
  -4.4442317e-03
  -1.6823222e-04
   1.7506507e-02
  -8.5164049e-04
   1.3438573e-02
   8.0573761e-03
  -9.6108809e-04
   1.2658321e-02
  -5.2032054e-03
  -2.0200260e-02
   9.8967156e-03
  -2.1392156e-02
   2.5368637e-02
   3.2392123e-03
  -1.0496636e-02
   2.0695424e-03
   1.3694216e-02
  -1.4261046e-04
  -1.0792476e-02
  -1.4192427e-02
  -5.1876855e-03
  -8.5608998e-03
   8.5228668e-03
  -5.5421174e-04
  -1.0441214e-02
   3.4352226e-03
   6.7580902e-03
  -1.0626796e-02
   9.3297147e-03
  -7.0199738e-03
  -9.1109658e-03
  -2.8441409e-03
  -4.4823072e-03
   1.2388735e-02
   5.7433162e-03
  -3.2778548e-03
   9.9619964e-03
   5.1159824e-03
   3.8101977e-03
  -2.2231018e-02
  -4.5587012e-03
  -1.8203389e-02
  -9.1978833e-03
   1.3110591e-02
  -8.3213734e-04
  -1.4504633e-02
   1.2785028e-02
  -9.0574166e-03
   1.4781500e-02
  -2.5574512e-03
   2.0084219e-02
   1.3562750e-02
   1.0862076e-02
   8.9928227e-03
   1.7606212e-02
   1.1589417e-02
   1.0258724e-02
  -7.4468042e-03
   9.1422212e-03
   1.3699981e-02
  -2.5955000e-03
   8.1785536e-03
   6.0229909e-03
   1.8862241e-03
   8.0644051e-03
   6.2410427e-03
  -1.6766242e-02
   6.7178062e-03
   3.2730287e-03
   2.0775856e-02
   2.3835912e-03
  -7.2064440e-03
   6.0044078e-03
