  9.2718000e+001
  9.1380000e+001
  1.1164300e+002
  1.1888800e+002
  1.1943200e+002
  1.2779600e+002
  1.5894300e+002
  1.7801300e+002
  1.4338500e+002
  1.2717900e+002
  1.1440300e+002
  1.2490000e+002
  1.1366100e+002
  1.0822400e+002
  1.4225600e+002
  1.2983500e+002
  1.5073500e+002
  1.4955400e+002
  1.8579200e+002
  2.0175800e+002
  1.6656500e+002
  1.4804800e+002
  1.3158100e+002
  1.4131500e+002
  1.3595100e+002
  1.2661500e+002
  1.4664700e+002
  1.6582200e+002
  1.6336500e+002
  1.6929400e+002
  2.1553800e+002
  2.3342700e+002
  1.8440200e+002
  1.7843200e+002
  1.5517900e+002
  1.6335500e+002
  1.5484400e+002
  1.4355200e+002
  1.7157300e+002
  1.8832200e+002
  1.9275600e+002
  1.9529600e+002
  2.5228800e+002
  2.6837900e+002
  2.1881000e+002
  2.0354500e+002
  1.7214800e+002
  1.9838100e+002
  1.7975900e+002
  1.7382100e+002
  2.1138700e+002
  2.1055100e+002
  2.1837100e+002
  2.3205700e+002
  2.9417300e+002
  3.1270000e+002
  2.5189100e+002
  2.3556000e+002
  2.0287600e+002
  2.2438300e+002
  1.9391600e+002
  1.8837500e+002
  2.3618700e+002
  2.4903700e+002
  2.3595700e+002
  2.5898000e+002
  3.2108500e+002
  3.3456200e+002
  2.7693200e+002
  2.5826900e+002
  2.3353200e+002
  2.5175500e+002
  2.2501000e+002
  2.2574200e+002
  2.6515900e+002
  2.7198600e+002
  2.9095300e+002
  2.8510800e+002
  3.6268700e+002
  3.8634700e+002
  3.1420500e+002
  2.9212400e+002
  2.6174000e+002
  2.9181000e+002
  2.6857800e+002
  2.5606300e+002
  3.1204100e+002
  3.2674100e+002
  3.1515700e+002
  3.5301600e+002
  4.0366200e+002
  4.5109800e+002
  3.5681100e+002
  3.5256600e+002
  3.0558000e+002
  4.1061400e+002
  2.8918600e+002
  2.9688100e+002
  3.0258900e+002
  3.3409100e+002
  3.2579000e+002
  3.3778200e+002
  4.2329700e+002
  4.5417200e+002
  3.5372700e+002
  3.5341300e+002
  3.1527200e+002
  3.4190200e+002
  3.1776000e+002
  2.9818800e+002
  3.6342900e+002
  3.5020300e+002
  3.7214900e+002
  3.7187700e+002
  4.7245800e+002
  4.8551700e+002
  4.0622300e+002
  3.7726200e+002
  3.2979400e+002
  3.8435000e+002
  3.5220000e+002
  3.3493800e+002
  3.7289100e+002
  3.9738800e+002
  3.8565700e+002
  4.1696100e+002
  4.9248000e+002
  5.1220900e+002
  4.1151400e+002
  3.9238000e+002
  3.6967100e+002
  4.0024300e+002
  3.6336700e+002
  3.4297900e+002
  3.8493600e+002
  4.2171800e+002
  4.0287700e+002
  4.2761500e+002
  5.3825400e+002
  5.2800700e+002

