  2.4931319e+002
  2.5410373e+002
  2.7089199e+002
  2.7057281e+002
  2.8146195e+002
  2.9756056e+002
  2.9284127e+002
  2.8273297e+002
  2.8125107e+002
  2.8891137e+002
  2.8155030e+002
  2.7441151e+002
  2.8308065e+002
  2.6944144e+002
  2.8273297e+002
  2.9719008e+002
  3.1318894e+002
  3.0953833e+002
  3.0402109e+002
  3.2017954e+002
  3.2525791e+002
  3.0791964e+002
  3.0379880e+002
  2.9658022e+002
  2.8030208e+002
  2.7312055e+002
  2.5402394e+002
  2.7220291e+002
  2.8483044e+002
  2.9577942e+002
  2.9415218e+002
  2.5770305e+002
  2.0935594e+002
  2.3210601e+002
  2.2875463e+002
  2.2323454e+002
  2.3116557e+002
  2.6411228e+002
  2.8427187e+002
  2.7572243e+002
  2.8420063e+002
  2.7478199e+002
  2.6933314e+002
  2.7315190e+002
  2.7438302e+002
  2.6375321e+002
  2.4640353e+002
  2.4622400e+002
  2.5501282e+002
  2.6649188e+002
  2.5545455e+002
  2.4871473e+002
  2.6104303e+002
  2.3829581e+002
  2.1630664e+002
  2.0495583e+002
  1.9293816e+002
  1.9845825e+002
  2.1384725e+002
  2.1423482e+002
  2.2993445e+002
  2.3287546e+002
  2.4127387e+002
  2.4435452e+002
  2.5717298e+002
  2.5982331e+002
  2.6994300e+002
  3.0310060e+002
  2.8724993e+002
  3.0817897e+002
  2.9292106e+002
  3.2275007e+002
  3.5828726e+002
  3.3943859e+002
  3.1945854e+002
  3.2519806e+002
  3.2697920e+002
  3.0011969e+002
  3.1367911e+002
  3.1200057e+002
  2.9744087e+002
  2.9628099e+002
  3.0154175e+002
  2.8499288e+002
  2.8143061e+002
  2.7886292e+002
  2.6883158e+002
  2.8402109e+002
  2.9482189e+002
  2.9368196e+002
  3.0719008e+002
  3.1074950e+002
  3.0581932e+002
  2.9618980e+002
  3.1178113e+002
  3.2004845e+002
  3.3031918e+002
  3.4552864e+002
  3.4161869e+002
  3.5838700e+002
  3.6069535e+002
  3.7324594e+002
  3.5057851e+002
  3.5394699e+002
  3.6824736e+002
  3.7570533e+002
  4.0415503e+002
  4.4474209e+002
  4.6555999e+002
  4.6514962e+002
  4.7302935e+002
  5.1331718e+002
  5.4743517e+002
  6.0058136e+002
  5.9866059e+002
  5.7478199e+002
  6.3499858e+002
  5.6090339e+002
  6.0510972e+002
  6.3250784e+002
  6.9563408e+002
  7.7469934e+002
  8.8861214e+002
  8.7102308e+002
  8.7520376e+002
  8.8336278e+002
  9.1390995e+002
  7.3700199e+002
  6.8766600e+002
  7.7159875e+002
  8.4490453e+002
  8.6774295e+002
  8.7387290e+002
  8.9035338e+002
  8.6667427e+002
  8.8720148e+002
  8.9252209e+002
  9.0437162e+002
  8.4318609e+002
  8.8041322e+002
  8.5728413e+002
  8.7021374e+002
  9.5758906e+002
  1.0085038e+003
  9.7459675e+002
  1.1236763e+003
  1.0839185e+003
  1.0468909e+003
  9.8354517e+002
  9.7399544e+002
  9.7689655e+002
  1.0137247e+003
  1.0188230e+003
  9.7274722e+002
  8.8704189e+002
  8.8065261e+002
  9.6251639e+002
  9.0738102e+002
  8.8835281e+002
  9.3571958e+002
  9.1414933e+002
  8.6127387e+002
  8.2769735e+002
  8.0880878e+002
  7.2190000e+002
  7.6380000e+002
  8.2450000e+002
  8.2440000e+002
  8.0290000e+002
  8.1360000e+002
  8.2920000e+002
  8.2800000e+002
  8.1440000e+002
  7.2270000e+002
  6.5550000e+002
  6.6960000e+002
  5.7620000e+002
  6.4310000e+002
  6.9360000e+002
  6.3400000e+002
  6.2400000e+002
  6.2650000e+002
  6.1400000e+002
  6.7500000e+002
  6.7970000e+002
