198801 92.330 86.950 84.490 87.990 83.140 83.100 
198802 94.270 90.210 87.890 92.380 84.470 91.100 
198803 99.700 98.680 88.400 102.580 84.170 100.600 
198804 92.330 92.070 89.660 87.190 83.740 95.100 
198805 91.560 90.830 87.300 89.290 83.670 89.800 
198806 96.700 94.090 89.290 91.180 86.250 96.400 
198807 85.350 86.690 87.890 84.390 83.830 96.700 
198808 67.210 86.420 39.400 84.890 87.350 88.400 
198809 93.500 98.150 90.250 95.780 87.520 99.100 
198810 96.990 103.000 90.840 97.080 86.950 97.300 
198811 99.220 101.060 93.060 101.880 85.930 99.000 
198812 96.500 95.950 84.490 91.380 85.190 101.000 
198901 99.510 92.510 85.520 92.980 86.260 90.000 
198902 95.730 93.300 93.500 93.580 86.750 95.000 
198903 100.960 102.210 91.360 102.480 86.730 110.700 
198904 97.760 99.560 92.840 92.380 87.080 100.200 
198905 93.980 92.330 90.030 93.180 85.950 96.000 
198906 101.350 99.650 92.840 92.880 88.470 103.800 
198907 88.840 93.210 90.840 86.190 84.520 101.900 
198908 70.510 89.420 42.350 87.290 88.190 94.000 
198909 94.080 102.290 94.610 94.380 88.320 103.100 
198910 103.970 108.910 94.020 99.680 87.200 102.300 
198911 103.580 105.730 95.870 102.480 85.870 102.700 
198912 96.400 100.350 88.630 91.780 85.250 104.300 
199001 103.000 97.800 85.520 94.580 85.310 91.300 
199002 97.800 98.060 100.880 92.880 86.620 97.900 
199003 106.200 108.730 101.260 105.280 86.850 111.600 
199004 99.200 99.560 100.230 91.480 84.970 103.100 
199005 99.100 101.410 99.200 94.880 85.850 99.600 
199006 101.500 102.030 99.480 93.880 88.510 106.500 
199007 93.400 98.330 98.070 87.790 85.350 108.500 
199008 74.000 94.800 46.090 86.690 88.830 98.100 
199009 95.800 107.940 101.450 91.280 89.370 107.700 
199010 109.100 115.610 98.640 100.780 88.140 110.200 
199011 105.000 111.640 98.350 100.080 85.200 108.700 
199012 98.300 104.590 89.270 89.790 83.440 109.700 
199101 104.200 103.620 92.830 93.580 83.840 97.600 
199102 98.800 104.020 98.920 92.080 83.750 104.100 
199103 102.400 114.020 99.200 97.680 82.520 115.200 
199104 101.000 106.420 95.730 89.890 82.610 106.700 
199105 95.800 102.720 97.890 90.280 83.010 103.700 
199106 101.100 111.620 101.160 87.390 86.470 107.000 
199107 95.000 101.520 96.290 86.990 83.800 111.200 
199108 72.000 94.020 43.180 81.090 87.170 97.800 
199109 97.000 109.820 100.700 89.290 88.210 108.400 
199110 108.800 113.720 97.980 97.780 87.240 108.200 
199111 102.600 116.420 103.230 95.980 85.370 107.700 
199112 100.600 106.120 86.650 89.890 83.690 107.000 
199201 103.200 101.720 91.800 90.680 84.510 93.900 
199202 98.900 104.720 101.350 91.580 85.780 99.600 
199203 104.600 114.120 100.510 100.480 86.330 109.100 
199204 101.000 106.720 96.390 90.080 85.910 100.400 
199205 93.300 103.420 100.510 85.490 86.490 94.400 
199206 101.900 107.120 99.480 90.580 88.900 102.700 
199207 92.400 98.520 96.480 87.490 86.010 104.400 
199208 71.200 92.520 40.560 80.290 89.510 89.600 
199209 97.500 108.320 94.330 92.580 90.020 104.000 
199210 105.000 109.220 96.480 97.880 90.050 101.200 
199211 100.200 109.020 99.290 96.580 88.640 98.600 
199212 98.900 97.220 82.240 92.980 87.470 98.600 
199301 94.100 91.320 90.580 88.390 88.250 87.300 
199302 94.200 92.120 97.980 91.880 89.780 95.500 
199303 101.900 102.520 96.760 104.280 90.180 108.900 
199304 95.600 95.220 92.830 91.280 89.070 96.900 
199305 90.000 93.420 95.920 89.890 88.770 90.500 
199306 99.500 97.120 95.830 91.480 91.780 98.700 
199307 88.100 89.610 93.580 87.590 88.520 100.100 
199308 69.200 87.010 40.650 84.090 92.050 87.500 
199309 94.300 101.620 94.700 95.280 93.340 99.900 
199310 98.400 103.120 95.450 96.980 92.680 94.800 
199311 98.400 104.220 98.070 103.280 91.240 96.200 
199312 100.000 96.020 83.740 95.780 90.550 94.600 
199401 96.000 89.910 87.770 92.680 91.460 85.100 
199402 93.900 93.420 98.730 95.780 92.840 91.000 
199403 103.200 103.420 98.450 108.480 93.910 107.600 
199404 97.100 98.320 100.130 94.880 93.010 95.100 
199405 96.500 95.820 99.760 96.880 93.710 89.400 
199406 104.500 101.320 101.820 97.680 97.180 99.400 
199407 90.800 95.620 101.910 90.080 93.480 99.900 
199408 74.300 88.310 47.580 91.080 98.130 91.100 
199409 99.800 105.220 102.290 101.580 99.170 102.100 
199410 104.500 108.420 102.290 103.080 98.310 99.100 
199411 105.000 109.920 105.190 107.880 97.030 101.500 
199412 105.300 100.320 96.670 98.580 96.780 100.000 
199501 104.300 93.320 96.200 97.680 97.630 88.600 
199502 98.800 96.520 105.200 99.080 98.880 97.900 
199503 109.700 106.620 105.100 112.380 99.610 113.900 
199504 97.900 100.220 104.100 94.680 97.080 101.000 
199505 100.000 99.020 104.800 100.680 97.930 94.400 
199506 105.600 102.920 105.100 99.480 101.790 102.500 
199507 93.000 97.220 104.600 92.780 97.180 100.800 
199508 77.500 88.910 53.700 93.180 102.760 92.000 
199509 99.300 106.020 106.200 100.180 104.370 103.000 
199510 106.800 104.520 106.200 105.180 102.370 101.400 
199511 105.700 106.820 108.200 108.480 100.750 102.700 
199512 101.400 97.920 100.600 96.180 99.640 102.000 
199601 103.500 93.920 97.300 101.180 99.730 92.200 
199602 102.000 94.520 106.600 103.980 102.130 101.200 
199603 105.400 106.520 107.700 109.580 102.360 110.600 
199604 101.900 99.320 100.700 98.380 101.760 100.600 
199605 98.300 98.420 103.000 100.580 102.520 96.700 
199606 103.300 103.320 106.400 96.080 107.070 100.900 
199607 97.200 97.620 102.200 97.180 102.350 106.900 
199608 76.900 91.420 49.900 90.180 107.760 93.400 
199609 100.900 107.420 102.500 99.780 109.460 106.700 
199610 111.300 106.820 102.800 108.880 107.700 106.700 
199611 104.400 109.720 106.600 107.380 106.640 106.500 
199612 105.300 100.120 91.200 99.080 105.430 105.200 
199701 104.400 95.020 94.300 103.680 106.180 98.400 
199702 100.600 97.920 107.200 100.880 108.590 104.100 
199703 104.400 110.020 107.300 107.480 108.970 118.700 
199704 108.900 102.620 105.800 102.380 109.380 104.900 
199705 100.300 100.120 107.100 99.480 108.750 103.000 
199706 108.100 108.220 109.000 99.980 112.910 107.800 
199707 101.700 104.720 107.500 100.880 109.230 111.300 
199708 80.100 93.520 53.200 89.590 114.920 96.500 
199709 107.200 109.820 107.900 104.280 116.820 111.100 
199710 119.000 112.120 109.800 109.980 116.470 108.400 
199711 108.100 114.520 113.000 105.080 114.890 103.600 
199712 114.100 104.720 100.100 101.080 113.580 104.300 
199801 109.400 101.220 101.500 100.880 113.940 96.000 
199802 107.800 103.720 111.500 101.480 115.580 99.000 
199803 117.600 116.620 110.300 112.980 116.690 112.700 
199804 112.200 108.320 106.800 102.280 114.940 97.300 
199805 106.200 107.120 111.300 98.080 115.540 91.100 
199806 115.200 111.320 109.800 103.780 117.830 99.600 
199807 106.500 109.120 108.700 100.980 113.850 101.200 
199808 83.600 98.820 52.000 91.080 120.810 87.800 
199809 111.300 113.620 109.200 104.680 121.270 102.700 
199810 119.400 114.820 109.400 107.780 121.160 99.800 
199811 115.700 115.220 111.300 107.680 118.120 97.500 
199812 116.600 105.120 93.400 102.480 116.590 97.300 
199901 108.400 101.920 101.400 98.980 117.580 88.200 
199902 108.600 102.920 108.900 100.780 119.230 95.400 
199903 119.500 114.920 107.900 114.180 121.090 112.500 
199904 112.300 108.220 104.300 101.080 119.260 95.300 
199905 107.100 107.120 105.800 98.180 119.630 90.900 
199906 119.100 112.520 108.500 103.280 123.530 100.100 
199907 106.900 109.620 109.200 99.280 119.160 101.800 
199908 86.800 101.420 55.500 94.780 125.400 92.700 
199909 114.600 117.120 108.900 106.680 126.050 106.000 
199910 121.900 118.920 112.300 106.380 126.590 101.300 
199911 121.200 119.920 114.700 112.380 124.400 104.300 
199912 122.200 109.420 97.800 104.380 123.180 103.100 
200001 114.400 104.820 101.500 101.680 124.390 93.500 
200002 116.200 109.020 112.400 108.180 126.280 103.400 
200003 126.000 122.420 112.300 118.580 128.070 117.800 
200004 112.800 115.720 112.900 98.180 126.890 101.400 
200005 116.300 115.520 112.900 104.180 127.070 97.600 
200006 117.500 118.720 113.400 105.080 131.830 107.500 
200007 109.300 118.220 113.400 97.580 125.910 106.100 
200008 91.700 108.120 59.900 98.180 132.610 100.800 
200009 115.700 125.520 114.400 103.980 134.060 110.200 
200010 127.000 125.720 113.000 109.580 132.750 108.100 
200011 125.800 126.620 117.400 112.680 130.010 108.200 
200012 121.500 116.420 110.400 101.380 127.820 107.300 
