Nombre de laS series:  el indice de  producción industrial de España
Unidades :                            
Perido   :             156 datos mensuales desde enero de 1988 hasta diciembre de 2000
Fuente   :             INE Indice con base 1990. Clasificación cnae 93, base 90.
Actualiza :           INE (http://www.ine.es/tempus/cgi-bin/itie)  

  9.0200000e+001
  1.0070000e+002
  1.0500000e+002
  1.0370000e+002
  1.0030000e+002
  8.8200000e+001
  9.1100000e+001
  1.0420000e+002
  1.0270000e+002
  1.0570000e+002
  1.1050000e+002
  1.1290000e+002
  1.1850000e+002
  9.6500000e+001
  9.8700000e+001
  9.8900000e+001
  9.9000000e+001
  1.0110000e+002
  9.0300000e+001
  9.5200000e+001
  1.0150000e+002
  1.0240000e+002
  1.0210000e+002
  1.1420000e+002
  1.1390000e+002
  1.2520000e+002
  1.0340000e+002
  1.0340000e+002
  1.0840000e+002
  9.6800000e+001
  1.0430000e+002
  9.8000000e+001
  1.0350000e+002
  1.1390000e+002
  1.0640000e+002
  1.0630000e+002
  1.2130000e+002
  1.2370000e+002
  1.3630000e+002
  9.5000000e+001
  1.0210000e+002
  9.6000000e+001
  1.0220000e+002
  9.8300000e+001
  9.0200000e+001
  9.7000000e+001
  9.7400000e+001
  9.8300000e+001
  1.1580000e+002
  1.1240000e+002
  1.1490000e+002
  1.1480000e+002
  1.0120000e+002
  1.0480000e+002
  1.0710000e+002
  1.0400000e+002
  1.0030000e+002
  9.5300000e+001
  1.0210000e+002
  1.1200000e+002
  1.0840000e+002
  1.1160000e+002
  1.1780000e+002
  1.2150000e+002
  1.3310000e+002
  1.0030000e+002
  1.0770000e+002
  1.0710000e+002
  1.0230000e+002
  1.0280000e+002
  9.6800000e+001
  1.0550000e+002
  1.1270000e+002
  1.0620000e+002
  1.1430000e+002
  1.2380000e+002
  1.2610000e+002
  1.3270000e+002
  9.9600000e+001
  1.0460000e+002
  1.0440000e+002
  1.0450000e+002
  1.0450000e+002
  9.7500000e+001
  1.0270000e+002
  1.0620000e+002
  1.1040000e+002
  1.1950000e+002
  1.2650000e+002
  1.2830000e+002
  1.2850000e+002
  5.6400000e+001
  6.0000000e+001
  5.9800000e+001
  5.8900000e+001
  5.8800000e+001
  5.6900000e+001
  6.4200000e+001
  6.7400000e+001
  6.6400000e+001
  7.1700000e+001
  7.6500000e+001
  8.1100000e+001
  8.6900000e+001
  1.0080000e+002
  1.0500000e+002
  1.0240000e+002
  1.0280000e+002
  9.8900000e+001
  9.7200000e+001
  1.0490000e+002
  1.0560000e+002
  1.0480000e+002
  1.1580000e+002
  1.2000000e+002
  1.2500000e+002
  1.2510000e+002
  1.0090000e+002
  1.0730000e+002
  1.0570000e+002
  1.1180000e+002
  1.0070000e+002
  9.7100000e+001
  1.0440000e+002
  1.0810000e+002
  1.1480000e+002
  1.2500000e+002
  1.2370000e+002
  1.2340000e+002
  1.2680000e+002
  1.0580000e+002
  1.0880000e+002
  1.0920000e+002
  1.0610000e+002
  9.7300000e+001
  9.9600000e+001
  1.0920000e+002
  1.1040000e+002
  1.0850000e+002
  1.1550000e+002
  1.2200000e+002
  1.2840000e+002
  1.3330000e+002
  9.4500000e+001
  9.2700000e+001
  9.2400000e+001
  9.5300000e+001
  8.6700000e+001
  9.2000000e+001
  9.9900000e+001
  9.5200000e+001
  9.6800000e+001
  1.0690000e+002
  1.1200000e+002
  1.1800000e+002
  1.1230000e+002
