  4.4420000e+002
  1.6010000e+002
  9.0700000e+001
  1.7950000e+002
  1.9510000e+002
  1.7740000e+002
  6.1400000e+001
  1.2600000e+001
  1.9400000e+001
  1.9290000e+002
  1.0820000e+002
  2.0700000e+001
  3.9600000e+001
  1.7630000e+002
  1.0670000e+002
  1.5060000e+002
  9.1100000e+001
  2.8400000e+001
  9.1000000e+000
  8.2500000e+001
  1.1800000e+001
  1.3780000e+002
  3.2370000e+002
  5.1010000e+002
  1.8800000e+002
  2.0810000e+002
  1.5700000e+001
  1.0750000e+002
  3.0900000e+001
  2.6700000e+001
  1.4500000e+001
  1.1800000e+001
  6.5200000e+001
  4.2200000e+002
  1.3690000e+002
  1.7090000e+002
  3.4010000e+002
  1.9460000e+002
  2.3870000e+002
  7.8000000e+001
  3.2700000e+001
  6.5000000e+001
  8.4700000e+001
  5.7800000e+001
  1.5180000e+002
  1.4930000e+002
  2.7350000e+002
  2.2000000e+001
  7.3100000e+001
  5.6400000e+001
  9.8800000e+001
  8.6600000e+001
  1.0560000e+002
  8.7500000e+001
  5.1000000e+000
  2.0020000e+002
  1.5300000e+002
  1.7730000e+002
  1.8530000e+002
  2.2530000e+002
  1.9320000e+002
  1.9200000e+001
  5.0100000e+001
  1.9780000e+002
  2.4460000e+002
  1.4530000e+002
  4.6000000e+000
  4.6600000e+001
  2.5170000e+002
  3.5400000e+002
  1.4170000e+002
  2.2290000e+002
  3.4220000e+002
  2.2550000e+002
  3.3800000e+001
  8.0600000e+001
  2.9190000e+002
  2.9000000e+001
  1.4300000e+001
  6.0900000e+001
  1.5740000e+002
  1.6660000e+002
  2.5170000e+002
  3.9770000e+002
  3.3920000e+002
  2.4390000e+002
  7.0000000e+001
  4.1500000e+001
  1.3230000e+002
  4.8900000e+001
  9.6700000e+001
  2.3600000e+001
  1.8260000e+002
  1.4670000e+002
  4.2310000e+002
  4.3220000e+002
  3.4250000e+002
  0.0000000e+000
  1.8190000e+002
  5.8200000e+001
  2.3070000e+002
  7.9000000e+000
  4.5700000e+001
  5.1900000e+001
  1.1340000e+002
  1.3230000e+002
  2.5530000e+002
  1.8710000e+002
  1.7150000e+002
  1.7500000e+002
  0.0000000e+000
  3.3200000e+001
  2.5110000e+002
  1.5550000e+002
  8.3000000e+000
  1.0740000e+002
  2.1100000e+001
  2.2090000e+002
  4.1420000e+002
  3.0240000e+002
