  3.3600000e+003
  4.3850000e+003
  4.0550000e+003
  5.3800000e+003
  6.3090000e+003
  4.0240000e+003
  4.3710000e+003
  3.8840000e+003
  2.9030000e+003
  3.7320000e+003
  3.6620000e+003
  4.1890000e+003
  5.0620000e+003
  5.3040000e+003
  5.8860000e+003
  4.9780000e+003
  4.7430000e+003
  4.4570000e+003
  6.4180000e+003
  6.4330000e+003
  5.5620000e+003
  7.1430000e+003
  6.7700000e+003
  6.3700000e+003
  7.3450000e+003
  6.7300000e+003
  7.2940000e+003
  6.5640000e+003
  7.4940000e+003
  6.8400000e+003
  6.9620000e+003
  5.4320000e+003
  5.2530000e+003
  8.3340000e+003
  8.1630000e+003
  6.6560000e+003
  8.0260000e+003
  7.6740000e+003
  7.9140000e+003
  8.4610000e+003
  7.8760000e+003
  7.0830000e+003
  7.9580000e+003
  4.8420000e+003
  5.0030000e+003
  9.2010000e+003
  8.6670000e+003
  8.4900000e+003
  8.4540000e+003
  9.5420000e+003
  1.0342000e+004
  1.0577000e+004
  9.5880000e+003
  1.1529000e+004
  1.1686000e+004
  7.9150000e+003
  9.0280000e+003
  1.2870000e+004
  1.2857000e+004
  1.2579000e+004
  1.0223000e+004
  1.2107000e+004
  1.3982000e+004
  1.3091000e+004
  1.3424000e+004
  1.4416000e+004
  1.6124000e+004
  8.7880000e+003
  1.1619000e+004
  1.4401000e+004
  1.4991000e+004
  1.6126000e+004
  1.3481000e+004
  1.5829000e+004
  1.9882000e+004
  1.8281000e+004
  2.2561000e+004
  2.3443000e+004
  2.4040000e+004
  1.8604000e+004
  1.8903000e+004
  2.4107000e+004
  2.5655000e+004
  2.5887000e+004
  2.2285000e+004
  2.4544000e+004
  2.2479000e+004
  2.7053000e+004
  2.5580000e+004
  2.7118000e+004
  2.5351000e+004
  1.5511000e+004
  2.2249000e+004
  2.3766000e+004
  2.4293000e+004
  2.4798000e+004
  2.0063000e+004
  2.2656000e+004
  2.7626000e+004
  2.7485000e+004
  2.8802000e+004
  2.7830000e+004
  3.1907000e+004
  2.0079000e+004
  2.2370000e+004
  2.8899000e+004
  2.6350000e+004
  2.5813000e+004
  2.7069000e+004
  2.7477000e+004
  3.5830000e+004
  3.2323000e+004
  3.7033000e+004
  3.7990000e+004
  3.8091000e+004
  2.5849000e+004
  2.4251000e+004
  3.5118000e+004
  2.8527000e+004
  2.8209000e+004
  2.9983000e+004
  3.7186000e+004
  3.9778000e+004
  4.1632000e+004
  3.6644000e+004
  3.8369000e+004
  4.0531000e+004
  2.8818000e+004
  2.6845000e+004
  2.9451000e+004
  2.5121000e+004
  2.4823000e+004
  2.8835000e+004
  3.3928000e+004
  4.3269000e+004
  4.0728000e+004
  4.1142000e+004
  4.4976000e+004
  4.5667000e+004
  3.0188000e+004
  2.9671000e+004
  3.2596000e+004
  3.2204000e+004
  2.9863000e+004
  3.1966000e+004
  3.8410000e+004
  5.0407000e+004
  4.1217000e+004
  4.4541000e+004
  4.9637000e+004
  4.9698000e+004
  3.4274000e+004
  3.7535000e+004
  4.2416000e+004
  4.2034000e+004
  4.4564000e+004
  5.0915000e+004
  4.4933000e+004
  5.7709000e+004
  5.0636000e+004
  4.9977000e+004
  5.3382000e+004
  5.1981000e+004
  3.3617000e+004
  4.2935000e+004
  5.4794000e+004
  5.4565000e+004
  4.9732000e+004
  4.7760000e+004
  4.7654000e+004
  5.9778000e+004
  5.0254000e+004
  4.9308000e+004
  5.4737000e+004
  6.1003000e+004
  3.7653000e+004
  4.0370000e+004
  4.4303000e+004
  4.2969000e+004
  4.9934000e+004
  4.3948000e+004
  4.7214000e+004
  4.6394000e+004
  5.1488000e+004
  4.3658000e+004
  5.2136000e+004
  6.1981000e+004
  4.0590000e+004
  3.5968000e+004
  5.0693000e+004
  4.8517000e+004
  4.9601000e+004
  4.9761000e+004
  4.2762000e+004
  5.9650000e+004
  5.8365000e+004
  5.6900000e+004
  5.2200000e+004
  6.3506000e+004
  3.0258000e+004
  4.3093000e+004
  5.3449000e+004
  5.3330000e+004
  5.6403000e+004
  4.9976000e+004
  5.9221000e+004
  6.9055000e+004
  5.9554000e+004
  6.4926000e+004
  6.3592000e+004
  6.5377000e+004
  3.7467000e+004
  4.6702000e+004
  4.9938000e+004
  5.0059000e+004
  4.6992000e+004
  5.0636000e+004
  5.0962000e+004
  6.9456000e+004
  7.2807000e+004
  6.0188000e+004
  5.8801000e+004
  5.3716000e+004
  4.1416000e+004
  4.8016000e+004
  5.1817000e+004
  5.2226000e+004
  4.3992000e+004
  5.9374000e+004
  4.3428000e+004
  5.6098000e+004
  5.1679000e+004
  6.7079000e+004
  5.5960000e+004
  5.4722000e+004
  4.3834000e+004
  4.7005000e+004
  4.4955000e+004
  5.9949000e+004
  3.6569000e+004
  3.7905000e+004
  4.5194000e+004
  5.0833000e+004
  4.7518000e+004
  5.8254000e+004
  4.4363000e+004
  5.1821000e+004
  3.5478000e+004
  4.5684000e+004
  5.9943000e+004
  5.0357000e+004
  4.6799000e+004
  3.9502000e+004
  3.9137000e+004
  4.0881000e+004
  4.7581000e+004
  4.9368000e+004
  4.4997000e+004
  4.8687000e+004
  3.0494000e+004
  3.4648000e+004
  4.2910000e+004
  3.9933000e+004
  4.7684000e+004
  4.1873000e+004
  4.3091000e+004
  5.3729000e+004
  4.4875000e+004
  4.5669000e+004
  4.6931000e+004
  5.3236000e+004
  3.0694000e+004
  3.3788000e+004
  4.5873000e+004
  4.8932000e+004
  4.7072000e+004
  4.8602000e+004
  4.2331000e+004
  5.5121000e+004
  4.5002000e+004
  5.3608000e+004
  4.5945000e+004
  4.9753000e+004
  3.6967000e+004
  3.5288000e+004
  4.6017000e+004
  4.4190000e+004
  4.7544000e+004
  4.7643000e+004
  3.9716000e+004
  4.6422000e+004
  5.0404000e+004
  5.0643000e+004
  4.1744000e+004
  5.6412000e+004
  3.6192000e+004
  3.0697000e+004
  4.3257000e+004
  4.0266000e+004
  3.8833000e+004
  4.6744000e+004
  3.7549000e+004
  5.4185000e+004
  5.1643000e+004
  4.3781000e+004
  4.2720000e+004
  6.6489000e+004
  3.3391000e+004
  3.2927000e+004
  5.7521000e+004
  4.9047000e+004
  5.9054000e+004
  2.9324000e+004
  4.1089000e+004
  5.5732000e+004
  5.2388000e+004
  5.9408000e+004
  6.7567000e+004
  8.2716000e+004
  4.4394000e+004
  4.5734000e+004
  7.1291000e+004
  6.8449000e+004
  7.0984000e+004
  5.9510000e+004
  6.8650000e+004
  8.4380000e+004
  8.6095000e+004
  8.0228000e+004
  7.9878000e+004
  1.1054300e+005
  5.9501000e+004
  5.5764000e+004
  7.8690000e+004
  7.8445000e+004
  8.6266000e+004
  8.1012000e+004
  8.1713000e+004
  1.0475600e+005
  9.5242000e+004
  9.7714000e+004
  1.0220300e+005
  1.0647900e+005
  7.6448000e+004
  6.8378000e+004
  8.5320000e+004
  8.8928000e+004
  9.5943000e+004
  8.6803000e+004
  9.7215000e+004
  1.0942200e+005
  9.4817000e+004
  1.0078000e+005
  1.1788300e+005
  1.1387700e+005
  7.5610000e+004
  7.2586000e+004
  9.4609000e+004
  9.1543000e+004
  9.3923000e+004
  8.5485000e+004
  8.4872000e+004
  1.0581000e+005
  9.1076000e+004
  9.6563000e+004
  9.3942000e+004
  1.0785700e+005
  7.5208000e+004
  5.1847000e+004
  7.7258000e+004
  7.0702000e+004
  6.6574000e+004
  6.7999000e+004
  7.0579000e+004
  7.7765000e+004
  8.2800000e+004
  8.4266000e+004
  8.4641000e+004
  1.0248400e+005
  6.0327000e+004
  5.7349000e+004
  8.1915000e+004
  7.1270000e+004
  7.2605000e+004
  8.7948000e+004
  8.7515000e+004
  9.9159000e+004
  9.4198000e+004
  8.6356000e+004
  9.6986000e+004
  1.1129900e+005
  5.1446000e+004
  6.1318000e+004
  7.4328000e+004
  6.9780000e+004
  8.8066000e+004
  4.3143000e+004
  6.0891000e+004
  7.7092000e+004
  6.7523000e+004
  6.9437000e+004
  7.7284000e+004
  9.0287000e+004
  4.9918000e+004
  5.2187000e+004
  5.8109000e+004
  5.7910000e+004
  7.1658000e+004
  5.4977000e+004
  6.4490000e+004
  8.8819000e+004
  7.2145000e+004
  8.9907000e+004
  9.8017000e+004
  1.0481200e+005
  6.5899000e+004
  6.5201000e+004
  7.1931000e+004
  6.8761000e+004
  9.3883000e+004
  5.4513000e+004
  6.6954000e+004
  9.5812000e+004
  7.4758000e+004
  8.2887000e+004
  1.0447200e+005
  7.7071000e+004
  5.3236000e+004
  5.2302000e+004
  6.3463000e+004
  6.6334000e+004
  7.8598000e+004
  5.9913000e+004
  7.7137000e+004
  1.0055100e+005
  7.9007000e+004
  8.7914000e+004
  8.3813000e+004
  1.0870800e+005
  5.5298000e+004
  6.3498000e+004
  8.4889000e+004
  7.5800000e+004
  9.1657000e+004
  7.3652000e+004
  7.8974000e+004
  1.0327800e+005
  9.5946000e+004
  9.4226000e+004
  1.0006200e+005
  1.2643900e+005
  6.4475000e+004
  6.9501000e+004
  9.5614000e+004
  8.4340000e+004
  1.0427600e+005
  7.8256000e+004
  9.4132000e+004
  1.1992800e+005
  1.0807400e+005
  1.0682700e+005
  1.2442600e+005
  1.4672900e+005
  7.2045000e+004
  7.9380000e+004
  1.1051200e+005
  1.1055300e+005
  1.2753500e+005
  8.9063000e+004
  1.1585200e+005
  1.5707700e+005
  1.2098000e+005
  1.3102300e+005
  1.5587800e+005
  1.7042200e+005
  8.9974000e+004
  9.7462000e+004
  1.2114100e+005
  1.2406900e+005
  1.3051300e+005

